40010030
40010031
40014003
40014004
41001043
41001044
41005007
41005008
41006017
41006018
41007021
41007022
41010006
41010007
41010008
41010009
42013020
42013021
42024022
42024023
44010045
44010046
44024018
44024019
45002028
45002029
45008038
45008039
45009011
45009012
46005012
46005013
46006009
46006010
46015054
46015055
47012003
47012004
48001001
48001002
49001007
49001008
49001022
49001023
49003020
49003021
54003014
54003015
56002006
56002007
58003009
58003010
58006004
58006005
58006006
59001002
59001003
60001001
60001002
60001018
60001019
60003001
60003002
60003003
60003004
60005001
60005002
62003019
62003020
