40001002
40001003
40001004
40001005
40001006
40001007
40001008
40001009
40001010
40001011
40001012
40001013
40001014
40001015
40001016
40006010
40006011
40006012
40006013
40010003
40010004
41003005
41003006
41005010
41007007
41012037
42011003
42011004
42019038
42020018
43008001
43008002
43008003
43008004
43008005
43008006
43011042
43012015
43012040
44002010
44002017
44002018
44002019
44002020
44002021
44002027
44002028
44002029
44002030
44002031
44002036
44013034
44013035
44013036
44013037
44013038
44013039
44013040
44013042
44013043
44013048
44017029
44017030
44017031
44024026
44028026
44028027
44028028
45004007
45004008
45008037
45008038
45008039
45009016
45009017
45009018
45009026
45009027
45010009
45010010
45010011
45010012
45010013
45010019
45010020
45010021
45011028
45011029
45011030
45011031
45011032
45011036
45014012
45015010
45015011
45015012
47006001
47006002
47007001
49004009
49004010
49004011
49004012
49004013
49005032
49005033
58004006
58004007
58010031
58013006
66022020
