40006014
40006015
40011011
40011012
40011013
40011014
40011015
40011018
40011019
41001004
41001005
41001006
41001007
41001008
41007008
41007009
41007010
41007011
41007012
41007013
41012037
42007033
42007034
42007035
42020044
44004012
44004027
44004028
44004029
44004030
44013034
44013035
45008037
45008038
45008039
45009016
45009017
45009018
45009026
45010019
45010020
45012021
45014012
45015010
45015011
45015012
46001020
46001021
46001022
46001023
46001024
46001025
46014022
46014023
46014024
46014025
46015056
46015057
47009010
47009011
47009012
47009013
47009014
47009015
58001006
58001007
58001008
58001010
58001013
58002009
58002013
58005006
58007018
58007019
58007022
58010017
58010018
58010039
58012007
58012008
58012009
58012010
58012011
58012012
58012013
58012014
58012015
58012016
58012017
58013006
60002007
60005006
60005007
66005014
66011016
66011017
66016007
66017006
66019003
