40001023
40001024
40001025
40002010
40004015
40004016
40004017
40005012
40007004
40007005
40007008
40007014
40007018
40009006
40009007
40010031
40010036
40011017
40012032
40013035
40014004
40014005
40015006
40024039
40027036
40027037
40027038
40027058
40027061
41001044
41002026
41003008
41003014
41003032
41004031
41005004
41005008
41005012
41005013
41005028
41005043
41006006
41006018
41006019
41006020
41007022
41007026
41008015
41008016
41009013
41010008
41011010
41011017
41015043
42001002
42001003
42001004
42001033
42001049
42002002
42002005
42002018
42002019
42002020
42002023
42002024
42002030
42002035
42002037
42003005
42003024
42003025
42003026
42003027
42003028
42003029
42003030
42003031
42003032
42003033
42003034
42003035
42003036
42003037
42003038
42004015
42005003
42005009
42005010
42005032
42006015
42006016
42006023
42006030
42006036
42006042
42006048
42007020
42007032
42008017
42008018
42008028
42008029
42008031
42008038
42008052
42009002
42009031
42010014
42010039
42011003
42011004
42011006
42011010
42011032
42011036
42011041
42012036
42012040
42012044
42012050
42012058
42013019
42013021
42014023
42014035
42015016
42015023
42015026
42016021
42018030
42019044
42019046
42021015
42021026
42021030
42021035
42023033
42023051
42024040
43001005
43001007
43001015
43001027
43001033
43003015
43004002
43004003
43004006
43004008
43004018
43005006
43005038
43005042
43005043
43006003
43006004
43006017
43006040
43006069
43008053
43009032
43009033
43010015
43011002
43011010
43011018
43012002
43012018
43012048
43014028
43017008
43019024
44001022
44002010
44002011
44002018
44004026
44004035
44005002
44005032
44007016
44007059
44007060
44008016
44011024
44011029
44011030
44013041
44015017
44017015
44017023
44018019
44020027
44021024
44022018
44023007
44023008
44027012
45001027
45001030
45002013
45002015
45002029
45004012
45004018
45006018
45008039
45009002
45009003
45009005
45009008
45010004
45010010
45012005
46001002
46003022
46005004
46005013
46006010
46007013
46013005
46015016
46015052
46016011
47001019
47001022
47012003
48001002
48001014
48001016
48002002
48004025
48005021
49001002
49001016
49001019
49001021
49002007
49002009
49002021
49003015
49003018
49004010
49004018
49004021
49004023
49005004
49005007
49005012
49005014
49005022
49005023
49005026
49005030
49006003
49006007
49006012
49006022
49006023
49006024
50001010
50004022
51001002
51001010
51001014
51002021
51003002
51003003
51003010
51003024
51004008
52002016
52002018
52002020
52003002
52003008
52004002
52005020
53001010
53002004
53002005
53002006
53002007
53002008
53002009
53002010
53002011
53002017
53003008
54001007
54003015
54004002
54004004
54005002
54005004
54005012
54005024
54005025
54006008
54006014
55001002
55001017
55003007
55003009
55004020
55004021
56001002
56001003
56001004
57001002
57001005
57001007
57001009
58001012
58007014
58007027
58010006
58011018
58013021
59001008
59001011
59001024
59002003
59002016
59002022
59002025
59002026
59003002
59003004
59005003
59005005
59005006
60002014
61001018
62001002
62003020
62005004
63001006
66001013
66002003
66002028
66004008
66007006
66007007
66007008
66007017
66009017
66012008
66017002
66018013
66019002
66019018
66020006
66020013
66020015
66021020
