02035001
02035002
02035003
02035004
02035005
02035006
02035007
02035008
02035009
02035030
02035031
02035032
02035033
02035034
02035035
02038001
02038002
02038003
02038004
02038005
02038006
02038007
02038008
02038009
02038010
02038011
02038012
02038013
02038014
02038015
02038016
02038017
02038018
02038019
02038020
02039002
02039003
02039004
02039005
02039006
02039007
02039008
02039009
02039010
02039011
02039012
02039013
02039014
02039015
02039016
02039017
02039018
02039019
02039020
02039021
02039022
02039023
02039024
02039025
02039026
02039027
02039028
02039029
02039030
02039031
04006001
04006002
04006003
04006004
04006005
04006006
04006007
04006008
04006009
04006010
04006011
04006012
04006013
04006014
04006015
04006016
04006017
04006018
04006019
04006020
04006021
04009001
04009002
04009003
04009004
04009005
04009006
04009007
04009008
04009009
04009010
04009011
04009012
04009013
04009014
04010001
04010002
04010003
04010004
04010005
04010006
04010007
04010008
04010009
04010010
04010011
04010012
04010013
04010014
04010015
04010016
04010017
04010018
04010019
04010020
04010021
04010022
04010023
04010024
04010025
04010026
04010027
04010028
04010029
04010030
04010031
04010032
04013004
04013005
04013006
04013007
04013008
04013009
04013010
04013011
04013012
04013013
04013014
04013015
04013016
04013017
04013018
04013019
04013020
04013021
04013022
04013023
04013024
04021010
04021011
04021012
04021013
04021014
04021015
04021016
04021017
04021018
04021019
04021020
04021021
04021022
04021023
04021024
04021025
04021026
04021027
04021028
04021029
04021030
04021031
04021032
04021033
04021034
04021035
04027001
04027002
04027003
04027004
04027005
04027006
04027007
04027008
04027009
04027010
04027011
16007007
16007008
16007009
16007010
16007011
16007012
16007013
16007014
16007015
16007016
16007017
16007018
16007019
16007020
16007021
16007022
16007023
16007024
16007025
16007026
16007027
16007028
16007029
16007030
16007031
16007032
16007033
16007034
16007035
16007036
16007037
16007038
16007039
16007040
16007041
16007042
16007043
16007044
16007045
16007046
16007047
16007048
16007049
16007050
16007051
16007052
16007053
16007054
16007055
16007056
16007057
16007058
16007059
16007060
16007061
16007062
16007063
16007064
16007065
16007066
16007067
16007068
16007069
16007070
16007071
16007072
16007073
