44013034
44013035
45008037
45008038
45008039
46010008
46010009
46010010
47009010
47009011
49004009
49004010
49004011
49004012
49004013
49004014
49004015
49004016
58001010
66002002
66002003
66002004
66002005
66002006
66002007
66002008
66002011
66002013
66002014
66002015
66002016
66002017
66002019
66002020
66002021
66002022
66002023
66002024
66002025
66002026
66002027
66002028
66002029
66003002
66003003
66003004
66003005
66003006
66003008
66003009
66003010
66003011
66003012
66003013
66003015
66003016
66003017
66003018
66003019
66003020
66005014
