40001003
40001004
40001005
40001006
40001007
40001008
40001009
40001010
40001011
40001013
40001014
40001015
40001016
40002007
40002008
40004007
40004011
40004017
40005011
40005012
40022045
40026032
41003017
41003018
41003019
41013026
41013027
42001056
42003024
42003025
42003026
42003027
42003028
42003029
42003030
42003031
42003032
42003033
42003034
42003035
42003036
42003037
42003038
42004011
42006014
42006015
42006016
42006032
42006033
42006034
42006035
42006036
42007033
42007034
42007035
42019039
42019040
42020044
43008001
43012039
43012041
43012042
43012043
44002036
44004027
44004028
44004029
44004030
44004031
44008001
44013042
44013043
44015019
44015020
44015021
44015024
44015025
44015026
44015027
44015028
44015029
44017019
44017020
44017021
44023026
44023027
44023028
44023029
44023030
44028028
44028030
44028031
45003005
45003006
45010020
45010021
45011009
45011036
45014012
45015010
45015011
45015012
45015013
46001020
46001021
46001022
46001023
46001024
46001025
46002010
46002011
46002012
46002013
46002014
46002015
46002016
46011001
46014022
46014023
46014024
46014025
46015056
46015057
47006017
49004009
49004010
49004011
49004012
49004013
49004014
49004015
49004016
58001006
58001007
58001008
58001010
58001013
58002009
58002010
58002011
58002012
58002013
58004004
58004005
58005006
58007022
58008013
58010008
58010009
58010010
58010011
58010012
58010013
58010014
58010015
58010018
58010039
58012007
58012008
58012009
58012010
58012011
66004009
66004010
66005013
66005014
66007013
66007014
66007015
66007017
66011016
66011017
66011019
66019003
66019004
66019006
66021020
66021021
