43001019
43001020
43001021
43001022
43001023
43001024
43001025
43001026
43001027
43001028
43001035
43001036
43001037
43001038
43001039
43001040
43001041
43001042
43001043
43001044
43001045
43001046
43001047
43001048
43001049
43001050
43001051
43003022
43003023
43003024
43003025
43003026
43003027
43003028
43003029
43013001
43013002
43013003
43013004
43013005
43013006
43013007
43013008
43013009
43013010
43013011
43013012
43013013
43013014
43013015
43013016
43013017
43013018
43013019
43013020
43013021
43013022
43013023
43013024
43013025
43013026
43013027
43013028
43013029
43013030
43013036
43013037
43013038
45001001
45001002
45001003
45001004
45001005
45001006
45001007
45001008
45001009
45001010
45001011
45001012
45001013
45001014
45001015
45001018
45001019
45001020
45001021
45001022
45001023
45001024
45001025
45001026
45001027
45001028
45001029
45001030
45001031
45001032
45003001
45003002
45003003
45003004
45003005
45003006
45003007
45003008
45008018
45008019
45008020
45008021
45008022
45008023
45008024
45008025
45008026
45008027
45008028
45008029
45008030
45008031
45008032
45008033
45008034
45008035
45008036
45008037
45008038
45008039
62002003
62002004
62002005
62002006
62002007
62002008
62002009
62002010
62002011
62002012
62002013
62002014
62002015
62002016
62002017
62002018
62002019
62002020
62002021
62002022
62002023
62002024
62002025
62002026
62002027
62002028
62002029
62003004
62003005
62003006
62003007
62003008
62003009
62003010
62003011
62003012
62003013
62003014
62003015
62003016
62003017
62003018
62003019
62003020
62003021
62003022
62003023
62003024
62005001
62005002
62005003
62005004
62005005
62005014
62005015
62005016
62005017
62005018
62005019
62005020
62005021
