40001002
40001003
40001004
40001005
40001006
40001007
40001008
40001009
40001010
40001011
40001013
40001014
40001015
40001016
40011011
40011012
40011013
40011014
40011015
40011018
40011019
40022045
40026032
41007008
41012037
41014028
41014029
42001001
42003024
42003025
42003026
42003027
42003028
42003029
42003030
42003031
42003032
42003033
42003034
42003035
42003036
42003037
42003038
42007028
42007033
42007034
42007035
42020018
42020044
44001001
44002032
44002033
44002034
44004012
44004027
44004028
44004029
44004030
44013034
44013035
44013036
44013037
44015024
44015025
44015026
44015027
44015028
44015029
44023026
44023027
44023028
44023029
44023030
45008037
45008038
45008039
45009016
45009017
45009018
45010019
45010020
45010021
45011009
45011036
45012021
45014012
45015010
45015011
45015012
46002010
46015033
46015034
46015056
46015057
47006017
49004009
49004010
49004011
49004012
49004013
58001006
58001007
58001008
58001010
58001013
58002009
58002013
58004004
58004005
58004006
58004007
58005006
58007022
58008013
58010008
58010009
58010010
58010017
58010018
58010031
58010039
58013006
60002007
60002008
60002023
60002024
60002025
60003015
60003016
60003017
60003018
60005006
60005007
65001016
66002002
66002003
66002004
66002005
66002006
66002007
66002009
66002010
66002011
66002013
66002014
66002015
66002016
66002017
66002019
66002020
66002021
66002022
66002023
66002024
66002025
66002026
66002028
66002029
66003002
66003003
66003004
66003005
66003006
66003008
66003009
66003010
66003011
66003012
66003013
66003015
66003016
66003017
66003018
66003019
66003020
66003021
66003022
66005014
66011016
66011017
66017006
66018015
66018016
66019003
