01031055
02008029
02008030
02008031
02008032
02022031
03006024
03006025
03006026
03006027
03006028
03006029
03006030
04016036
04016037
04016038
04016039
04016040
04016041
04016042
04016043
04016044
04016045
04016046
04016047
04016048
04016049
04016050
04029040
05012032
05022030
05029029
09023029
10018033
11004021
11004022
11004023
11004024
11004025
11004026
11004027
11004028
11004029
11004030
11004031
11004032
11004033
11004034
13006067
13006068
13006069
13006070
13006071
13006072
13006073
13006074
13006075
13006076
13006077
13006078
13006079
13006080
13006081
14002018
14014015
16004018
16004019
16004020
16004021
16004022
16004023
16009038
21005020
22006013
23009021
24009026
26020045
26020046
26020047
26020048
26020049
27005031
28001010
28001011
28011012
28013016
29002028
29002029
29002030
29002031
29002032
29003006
29003007
29003008
29003009
29003010
29003011
29003012
29003013
29003014
29003015
29003016
29003017
29003018
29003019
29003020
34001015
38001018
38001019
38001020
38001021
