01006010
01017012
02022003
02022004
03004002
03006005
03008021
03011005
03011006
03011027
03011028
03011030
03013041
03017002
03017004
03017009
03018002
03018013
03018027
03022027
04001023
04001025
04001027
04001029
04001031
04001033
04001035
04001037
04001039
04001041
04001043
04001045
04001046
04002004
04002005
04002006
04002007
04002008
04002009
04002011
04002012
04002013
04002014
04002015
04002016
04002019
04002020
04002021
04002022
04002023
04002024
04002026
04002027
04002028
04002029
04002030
04002031
04007013
04007014
04007015
04007016
04007017
04007018
04007019
04007020
04007021
04007022
04007023
04007024
04007025
04007026
04007027
04007028
04007029
04007030
04007031
04007032
04007033
04007034
04007035
04007036
04007037
04007038
04007039
04007040
04007041
04007042
04007043
04007044
04007045
04007046
04007047
04007048
04007049
04007050
04007051
04007052
04007053
04007054
04007055
04007056
04007057
04007058
04007059
04007060
04007061
04007062
04007063
04007064
04007065
04007066
04007067
04007068
04007069
04007070
04007071
04007072
04007073
04007074
04007075
04007076
04007077
04007078
04007079
04007080
04007081
04007082
04007083
04007085
04007086
04007087
04007088
04014018
04016002
04026004
04026055
04026056
04028002
04029028
04029031
04029034
04029038
04031033
04031034
04031035
04031037
04031038
04031039
04031040
04031043
04031044
04031045
04031046
05004017
05004018
05014013
05014014
05014015
05014016
05014017
05014018
05025014
05028055
05029013
06017006
07001023
07013016
07019011
07020023
09001010
10003010
10007011
10024012
11001006
11006025
11006026
11007003
11007041
11007042
11007043
11007044
11007045
11008042
11009021
11010020
11011010
11011016
11012027
12009015
12012022
12024004
13001039
13001040
13001041
13001042
13001044
13001045
13001046
13001047
13001048
13001049
13001050
13002027
13003002
13003003
13004004
13004018
13004035
13004036
13004037
13004038
13005005
13005006
13006058
13006059
13008007
13008009
13009005
13009006
13009008
13009011
13009012
13009015
13009016
13011027
13011028
13011029
13011030
13011031
13011032
13011033
13011034
13011035
13011036
13011037
13011038
13011039
13011040
13011041
13011042
13011043
13011044
13011045
13011046
13011047
13012011
13012012
13012013
13012014
13015018
13015019
13015020
13015021
13017010
13023011
13027003
13027004
13027005
13027006
13027007
13027008
13027009
13027010
13027011
13027012
13027013
13027014
13027015
13027017
13027018
13027019
13027020
13027021
13027022
13027026
13027027
13027028
13027029
13027030
13027031
14003012
14003013
14004008
14004012
14004013
14004014
14004015
14004016
14008008
14028006
14028017
14029013
14029014
14030002
14030003
14030005
14032004
15001010
15002004
15002005
15002006
15002007
15002008
15002009
15002010
15002011
15002012
15002013
15002014
15002015
15002016
15002017
15002018
15002019
15002020
15002022
15002023
15002024
15002025
15002026
15002027
15002028
15002029
15002030
15002031
15002032
15002033
15002034
15002035
15002037
15002038
15002039
15002044
15002045
15002046
15002047
15002048
15002049
15002050
15002051
15002052
15002053
15002054
15002056
15002057
15002060
15002062
15002065
15002066
15002067
15007009
15008003
15008004
15008005
15008006
15008007
15008008
15008009
15008010
15008011
15008012
15008013
15008014
15008027
15010032
15010035
15010036
15010037
15010039
15010040
15010041
15010042
16003026
16007009
16007010
16007011
16007012
16007013
16007014
16007015
16007016
16007017
16007018
16007019
16007020
16007021
16007022
16007023
16007024
16007025
16007027
16007028
16007029
16007030
16007031
16007032
16007033
16007034
16007035
16007036
16007037
16007038
16007040
16007041
16007042
16007047
16007048
16007049
16007050
16007051
16007052
16007053
16007054
16007055
16007056
16007058
16007059
16007062
16007064
16007068
16007069
16007071
16007072
16010003
16010004
16010005
16010006
16010007
16010008
16010010
16010011
16010012
16010013
16010015
16010016
16010017
16010018
16010019
16010020
16010021
16010022
16010023
16010024
16010025
16010026
16010027
16012003
16012004
16012005
16012006
16012007
16012013
16012014
16012015
16012016
16012017
16012018
16012019
16012020
16012021
16012034
16012035
17001002
17006008
17009008
17009009
17009010
18003003
18004002
18005013
18006002
18008002
18009002
18009022
18011002
18012002
18013002
18015002
18015027
18016002
18018002
18019002
18020002
18021002
18021024
18022002
18023002
18023017
18025002
18026002
18027002
18034002
18035002
18040002
18040004
19012008
19012009
19105006
20006017
20006018
20006019
20026019
23014006
23022010
23033023
23059006
23065022
24001019
24005014
24007002
24007003
24009026
24021012
24022002
24025020
24025021
24025022
24025023
24025024
24025025
24025026
24025037
24027020
24029025
24029032
24030022
24030024
24034019
24035010
24035013
24041018
24042014
24042015
24044025
24052022
26004005
26010010
26023015
26027019
26040009
26040030
26041009
26041010
26041011
26042008
26042010
26042018
26042019
26045014
26045015
26046022
26048002
26048003
26048004
26048005
26048006
26048007
26048022
26048024
26048025
26048026
26048027
27010021
28002005
28002022
38002007
38011004
38012013
38012014
40002010
42001074
42023051
43010015
44001022
44013033
44013039
45009012
46015052
47008014
47012004
59001008
66002027
66002028
