40002009
40002010
40006003
40006004
40007028
40007029
40010017
40010018
40010030
40010031
40013005
40013006
40021024
40021025
40024038
40024039
40025003
40025004
40027051
40027052
40027053
40027054
41002025
41002026
41010029
41010030
41011029
41011030
41014035
41014036
41015006
41015007
41015008
41015009
41015010
41015011
41015042
41015043
42002022
42002023
42002024
42008027
42008028
42008029
42018029
42018030
42023050
42023051
42024010
42024011
42024022
42024023
43001043
43001044
43004007
43004008
43009013
43009014
43010014
43010015
43012012
43012013
43012014
43012015
43012016
43012017
43012018
43012019
43013002
43013003
43013004
43014016
43014017
44001016
44001017
44001021
44001022
44007048
44007049
44007050
44008001
44008002
44011028
44011029
44011030
44013032
44013033
44016001
44016002
44016003
44017002
44017003
44018015
44018016
44020001
44020002
44020018
44020019
44023033
44023034
44023035
44024002
44024003
44024017
44024018
44024019
44028010
44028011
45001003
45001004
45001006
45001007
45001022
45001023
45009002
45009003
45009011
45009012
45009013
45010006
45010007
45016001
45016002
45016025
45016026
45016027
46001001
46001002
46005003
46005004
46005012
46005013
46010003
46010004
46011017
46011018
46015051
46015052
47001010
47001011
47001013
47001014
47012003
47012004
48004012
48004013
51001001
51001002
52002011
52002012
52003001
52003002
53001009
53001010
53002001
53002002
54001001
54001002
54006011
54006012
55001001
55001002
57001008
57001009
58002003
58002004
58006004
58006005
58006006
58006013
58006014
58006019
58006020
58007001
58007002
58007003
58007009
58007010
58010019
58010020
58011017
58011018
58013020
58013021
60001001
60001002
60003001
60003002
61001013
61001014
61001017
61001018
65001024
65001025
66002022
66002023
66002024
66002025
66002027
66002028
66004009
66004010
66009017
66009018
66009019
66020002
66020003
