01001028
01001029
01001030
01001031
01002024
01003016
01003017
01005003
01005004
01005005
01005006
01005007
01005008
01005009
01005010
01005011
01005012
01005013
01005014
01005015
01005016
01005017
01005018
01005019
01005020
01005021
01005022
01005023
01005024
01005025
01005026
01005027
01005028
01005029
01005030
01005031
01005032
01009007
01009026
01010002
01010003
01010004
01010005
01010006
01010007
01010008
01010009
01010010
01010011
01010012
01010013
01010014
01010015
01010016
01010017
01010018
01010019
01010020
01010021
01010022
01010023
01010024
01010025
01010026
01010027
01010028
01010029
01010030
01010031
01011011
01011012
01011013
01011014
01011015
01011016
01011017
01011018
01011019
01011020
01011021
01011022
01011023
01011024
01011025
01011026
01016013
01016014
01023001
01023002
01024061
01025003
01025004
01025009
01025010
01025014
01025015
01025016
01025020
01025021
01025022
01025023
01035023
01035024
01035025
01035026
01036004
01036005
01036012
01036016
01036017
01036018
01036019
01036021
01036022
01036023
01036024
01036025
01036026
01036027
01036028
01036029
01036030
01036032
01036033
01036034
01036035
01036036
01036037
01036038
01036039
01036041
01036042
01036043
01046009
01046010
01046011
01046012
01046013
01046014
01046015
01046016
01046017
01046018
01046019
01046020
01046021
01046022
01046023
01046024
01046025
02004001
02006015
02006016
02006017
02006018
02006019
02006020
02006021
02006022
02006023
02006024
02006025
02023001
02023002
02023003
02023004
02023005
02023006
02023007
02023008
02023009
02023010
02023011
02023012
02023013
02023014
02023015
02023016
02023017
02023018
02023019
02024017
02024018
02025018
02025019
02026026
02026027
02027013
02027014
02027015
02034025
02034026
02035011
02035012
02035013
02035014
02035015
02035016
02035017
02035018
02035019
02036031
02036032
02038013
02038014
02038015
02038024
02038025
02038026
02038029
02038030
02038031
03004011
03004012
03007032
03007033
03011004
03011005
03011006
03011010
03011011
03011012
03011013
03011014
03011015
03011016
03011017
03011018
03011019
03011020
03011021
03011022
03011023
03011024
03011025
03011026
03011027
03011028
03011029
03011030
03011031
03011032
03011041
03011042
03011043
03013012
03013013
03013014
03013015
03013016
03013017
03013018
03013019
03013040
03013041
03013047
03013048
03013049
03013051
03013052
03015005
03015006
03015007
03015021
03015022
03015023
03019003
03019004
03019005
03019006
03019007
03019008
03019009
03019010
03019011
03019012
03019013
03019014
03019015
03019016
03019017
03019018
03019019
03019026
03019027
03019028
03019029
03019030
03019031
03019032
03019033
03019034
03020003
03020004
03020005
03020006
03020007
03020008
03020009
03020010
03020011
03020012
03020013
03020014
03020015
03020016
03020017
03020018
03020019
03020020
03020021
03022010
03022011
03024010
03024011
03027003
03027004
03027005
03027006
03027007
04001005
04001006
04001007
04001008
04001009
04001010
04001011
04001012
04001013
04001014
04001015
04001016
04001020
04001021
04001022
04001023
04001024
04001025
04001026
04001027
04001028
04001029
04001030
04001031
04001032
04001033
04001034
04001035
04001036
04001037
04001038
04001039
04001040
04001041
04001042
04001043
04001044
04001045
04001046
04002003
04002004
04002005
04002006
04002007
04002008
04002009
04002010
04002011
04002012
04002013
04002014
04002015
04002016
04002018
04002019
04002020
04002021
04002022
04002023
04002024
04002025
04002026
04002027
04002028
04002029
04002030
04002031
04003002
04003003
04003004
04003017
04003018
04003019
04003020
04003021
04003022
04003023
04003024
04003025
04003026
04003027
04003028
04003029
04003030
04003031
04003032
04003033
04003034
04003035
04003036
04003037
04004034
04004035
04004036
04004037
04004038
04004039
04004040
04004041
04004042
04004043
04004044
04004045
04004046
04004047
04004048
04005020
04005021
04006027
04007012
04007013
04007014
04007015
04007016
04007017
04007018
04007019
04007020
04007021
04007022
04007023
04007024
04007025
04007026
04007027
04007028
04007029
04007030
04007031
04007032
04007033
04007034
04007035
04007036
04007037
04007038
04007039
04007040
04007041
04007042
04007043
04007044
04007045
04007046
04007047
04007048
04007049
04007050
04007051
04007052
04007053
04007054
04007055
04007056
04007057
04007058
04007059
04007060
04007061
04007062
04007063
04007064
04007065
04007066
04007067
04007068
04007069
04007070
04007071
04007072
04007073
04007074
04007075
04007076
04007077
04007078
04007079
04007080
04007081
04007082
04007083
04007084
04007085
04007086
04007087
04007088
04010014
04010015
04010016
04010017
04010018
04010019
04010020
04010021
04010022
04010023
04010024
04010025
04010026
04010027
04012009
04012010
04012011
04012012
04012013
04012014
04012015
04013004
04013005
04013006
04013007
04013008
04013009
04013010
04013011
04013012
04013013
04013014
04013015
04013016
04014036
04014037
04015004
04015005
04026005
04026006
04026007
04026008
04026009
04026010
04026011
04026012
04026013
04026014
04026015
04026016
04026017
04026018
04026019
04026020
04026021
04026022
04026023
04026024
04026025
04026026
04026027
04026028
04026029
04026030
04026031
04026032
04026033
04026034
04026035
04026036
04026037
04026038
04026039
04026040
04026041
04026042
04026043
04026044
04026045
04026046
04026047
04026048
04026049
04026050
04026051
04027018
04027019
04031033
04031034
04031035
04031037
04031038
04031039
04031040
04031043
04031044
04031045
04031046
04032003
04032004
04033005
04033006
04033007
04033008
04033009
04033010
04033011
04033012
04033013
04033014
04033015
04033016
04033017
04033018
04033019
04033020
04033021
04033022
04033023
04033024
04033025
04033026
04033027
04033028
04033029
04033030
04033031
04033032
04033033
04033034
04033035
04033036
04033037
04033038
04033039
04033041
04033042
04033043
04033044
04033045
04033046
04033047
04033048
04033049
04034019
04034020
04034021
04034022
04034023
04034024
04034025
04034026
04034027
04034028
05004015
05004016
05004017
05004018
05004019
05004020
05006018
05006019
05013009
05013010
05017010
05017011
05017012
05018006
05018007
05019002
05019003
05021022
05021023
05022001
05022002
05022003
05022004
05022005
05022006
05022007
05022008
05022009
05022010
05022011
05022012
05023001
05023002
05023003
05023004
05023005
05023006
05023009
05023010
05023011
05023012
05023013
05023014
05023015
05023016
05023017
05023018
05023019
05023020
05023021
05023022
05023023
05023024
05023025
05025001
05025002
05025003
05025004
05025005
05025006
05025007
05025008
05025009
05025010
05025011
05025012
05025013
05025014
05025015
05025016
05027015
05027016
05027017
05027018
05027019
05027020
05027021
05027022
05027023
05027024
05027025
05027026
05028003
05028004
05028005
05028006
05028007
05028008
05028009
05028010
05028011
05028012
05028013
05028014
05028016
05028017
05028018
05028019
05028020
05028021
05028022
05028023
05028024
05028025
05028026
05028027
05028028
05028029
05028030
05028031
05028032
05028033
05028034
05028035
05028036
05028037
05028038
05028039
05028040
05028041
05028042
05028043
05028044
05028054
05028055
05028056
05028057
05032045
05032046
06003015
06003016
06009001
06009002
06010014
06012002
06012003
06012004
06012005
06012006
06012009
06012010
06012011
06012012
06012013
06012014
06012015
06012016
06012017
06012018
06012019
06012020
06012021
06012022
06012023
06012024
06013003
06013004
06013005
06013006
06013015
06013016
06013017
06013018
06013019
06013020
06013021
06013022
06013023
06013024
06013025
06013026
06013027
06013028
06013029
06013030
06013031
06015001
06015002
06015003
06015004
06015005
06015006
06015007
06015008
06015009
06015010
06015011
06015012
06015021
06015022
06015023
06015024
06015025
06015026
06015027
06015028
06015029
06015030
06015031
06015032
06015033
06015034
06015035
06015036
06015037
06015038
06015039
06015040
06015041
06015042
06015043
06015044
06015045
06015046
06015047
06015048
06015049
06015050
06015051
06015052
06015053
06015054
06015055
06015056
06015057
06015058
06015059
06015060
06015061
06015062
06016005
06016006
06016007
06016008
06017007
06017008
06017009
06017010
06017011
06017012
06017013
06018011
06018012
06018013
06018014
06018015
06018016
06018017
06018018
06018019
06018020
06018022
06018023
06018024
06018025
06018026
06018027
06018028
06019002
06019003
06019004
06019005
06019006
06019007
06019008
06019011
06019012
06019013
06019014
06019015
06019018
06019019
06019020
06019021
06019022
06019025
06019026
06019027
06019028
06019029
06019030
06019033
06019034
06019035
06019036
06019037
06019038
06019039
06019041
06019042
06019043
06019044
06019045
06019046
06020007
06020008
06021004
06021005
06021006
06021007
06021009
06021010
06021011
06021012
06021013
06021014
06021015
06021016
06021017
06021018
06021021
06021022
06021023
06021024
06021025
06021028
06021029
06021030
06021031
06021032
06021035
06021036
06021037
06021038
06021039
06024003
06024004
06024005
06024006
06024007
06024008
06024009
06024010
06024011
06024012
06024013
07002002
07002003
07006007
07006008
07007021
07007022
07009016
07009017
07014004
07020027
07020028
08004019
08004020
08004021
08004022
09003001
09003002
09004001
09014025
09014026
09018008
09018009
10003003
10003004
10003005
10006003
10006004
10012001
10012002
10012003
10021010
10021011
10023009
10023010
10023011
10023012
10023018
10023019
10023020
10023021
10023022
10023023
10023025
10023026
10023027
10023028
10023029
10023030
10023031
10023032
10023033
10023034
10023035
10023036
10023037
10023038
10023039
11004003
11004004
11004005
11004006
11004009
11004010
11004011
11004012
11004013
11004014
11004015
11004016
11004017
11004018
11004019
11004023
11006012
11006013
11008024
11008025
11008026
11008027
11008028
11008029
11008030
11008031
11008032
11008033
11008034
11008035
11008036
11008037
11008038
11008039
11008040
11008041
11008042
11008043
11008044
11008045
11008046
11008047
11008048
11008049
11008050
11008051
11008052
11008053
11008056
11008057
11008058
11008059
11008060
11008061
11010004
11010005
11012029
11012030
11015019
11020016
11020017
11021022
12014010
12019016
12019017
12019018
12019019
12019021
12019029
12019032
12020006
13001025
13001026
13001027
13001044
13001045
13001046
13001047
13001048
13001049
13001050
13001052
13001053
13001054
13002001
13002002
13002004
13002011
13002012
13002013
13002014
13002015
13002016
13002020
13002026
13002036
13002037
13002038
13002039
13002040
13002041
13002044
13002045
13002051
13002055
13003002
13003003
13003006
13003007
13003008
13003018
13004006
13004007
13004008
13004018
13004022
13004023
13004025
13004035
13004036
13004037
13004038
13005005
13005006
13005008
13005009
13005010
13005012
13005013
13006021
13006023
13006024
13006026
13006027
13006030
13006034
13006035
13006036
13006037
13006038
13006039
13006040
13006041
13006042
13006043
13006045
13006046
13006047
13006051
13006052
13006053
13006055
13006056
13006057
13006058
13006059
13006060
13006062
13006063
13006066
13006067
13006068
13006069
13006070
13006072
13006073
13006074
13006075
13006076
13006078
13006079
13006080
13006081
13007009
13007011
13007015
13007021
13007032
13007037
13008002
13008004
13008005
13008007
13008010
13008011
13008013
13009004
13009005
13009006
13009008
13009011
13009012
13009013
13009015
13009016
13009018
13009019
13009020
13009021
13009039
13011012
13011013
13011014
13012025
13012026
13012027
13012028
13012029
13012030
13012031
13012032
13012033
13012034
13012035
13012036
13012037
13012038
13015005
13015006
13015007
13015008
13015009
13015010
13023008
13023009
13023010
13023011
13023013
13023014
13023015
13023016
13023017
13023018
13023019
13023020
13023022
13023023
13024002
13024007
13024008
13024009
13024010
13024011
13024012
13024013
13024014
13024015
13024016
13024017
13024018
13024021
13024022
13025005
13025009
13025010
13025011
13025012
13025013
13025014
13025015
13025016
13025017
13025018
13025019
13025020
13025021
13025022
13025023
13025024
13025025
13025026
13025027
13025028
13025029
13025030
13025031
13026002
13026003
13026004
13026005
13026006
13026007
13026008
13026009
13026010
13026011
13026015
13026016
13026024
13026025
13026026
13026027
13026028
13027002
13027003
13027004
13027005
13027006
13027007
13027008
13027009
13027010
13027011
13027012
13027013
13027014
13027015
13027016
13027017
13027018
13027019
13027020
13027021
13027022
13027025
13027026
13027027
13027028
13027029
13027030
13027031
13027032
13027033
13027034
14006015
14006016
14006017
14006018
14006019
14006020
14006021
14006022
14006023
14006024
14006025
14006026
14006027
14006028
14006029
14006030
14006031
14006032
14006033
14006034
14006035
14006036
14006037
14006038
14006039
14006040
14006041
14006042
14016003
14017015
14017016
14017017
14017018
14017019
14020007
14020008
14020009
14020010
14020011
14020012
14020016
14020017
14025019
14029013
14029014
14030007
14030008
14030009
14032010
14032011
14032012
14032013
14032014
14032015
14036023
15001002
15001003
15001004
15001009
15001010
15001011
15002003
15002004
15002005
15002006
15002007
15002008
15002009
15002010
15002011
15002012
15002013
15002014
15002015
15002016
15002017
15002018
15002019
15002020
15002021
15002022
15002023
15002024
15002025
15002026
15002027
15002028
15002029
15002030
15002031
15002032
15002033
15002034
15002035
15002036
15002037
15002038
15002039
15002040
15002041
15002042
15002043
15002044
15002045
15002046
15002047
15002048
15002049
15002050
15002051
15002052
15002053
15002054
15002055
15002056
15002057
15002058
15002059
15002060
15002061
15002062
15002063
15002064
15002065
15002066
15002067
15004009
15004010
15004011
15004012
15004013
15004014
15004015
15004016
15004018
15004019
15004020
15004021
15004022
15005008
15005009
15005010
15005011
15005012
15005013
15005014
15005015
15005016
15005017
15006003
15006004
15006005
15006007
15006008
15006009
15006010
15006011
15006012
15007012
15007013
15007014
15007015
15007016
15007017
15007018
15007019
15007020
15007021
15007022
15007023
15007024
15007025
15007026
15008002
15008003
15008004
15008005
15008006
15008007
15008008
15008009
15008010
15008011
15008012
15008013
15008014
15008026
15008027
15009007
15009008
15009009
15009010
15009011
15009012
15009013
15009014
15009015
15010019
15010020
15010021
15010022
15010023
15010024
15010026
15010027
15010028
15010029
15010030
15010031
15010032
15010033
15010034
15010035
15010036
15010037
15010038
15010039
15010040
15010041
15010042
15010043
16006007
16007006
16007007
16007008
16007009
16007010
16007011
16007012
16007013
16007014
16007015
16007016
16007017
16007018
16007019
16007020
16007021
16007022
16007023
16007024
16007025
16007026
16007027
16007028
16007029
16007030
16007031
16007032
16007033
16007034
16007035
16007036
16007037
16007038
16007039
16007040
16007041
16007042
16007043
16007044
16007045
16007046
16007047
16007048
16007049
16007050
16007051
16007052
16007053
16007054
16007055
16007056
16007057
16007058
16007059
16007060
16007061
16007062
16007063
16007064
16007065
16007066
16007067
16007068
16007069
16007071
16008001
16008002
16008003
16010028
16010029
16010030
16010031
16010032
16010033
16010034
16010035
16010036
16010037
16010038
16010039
16011005
16011007
16011008
16011009
16011010
16011011
16011012
16011013
16011014
16011015
16011016
16011017
16011019
16011026
16011027
16011028
16011029
16011030
16012002
16012003
16012004
16012005
16012006
16012007
16012008
16012009
16012012
16012013
16012014
16012015
16012016
16012017
16012018
16012019
16012020
16012021
17009007
17009008
17009009
17009010
17009016
17009017
19013006
19013007
19022030
19022031
19022032
19040008
19040009
19072020
19106001
19111001
19112001
19113001
19135001
19146001
19148001
19149001
19150001
20010001
20024023
20025001
20026018
20026019
20030001
20031001
21002015
21002016
21002017
21003017
21003018
21003019
21003020
21003021
21004006
21004014
21005004
21005005
21005006
21006008
22001001
23001001
23002001
23004001
23005013
23006004
23006011
23007008
23007009
23014003
23014004
23014024
23016013
23016014
23021006
23021008
23021016
23021017
23022014
23022020
23022021
23022022
23022023
23022024
23022025
23023015
23023017
23023018
23025009
23027002
23027012
23028016
23029022
23030006
23030012
23030015
23030019
23030020
23030021
23030022
23031004
23031006
23031007
23037016
23037017
23037018
23037019
23037020
23037022
23037030
23037033
23038006
23038010
23038011
23038021
23038022
23042005
23043001
23043014
23043016
23043017
23044002
23044006
23044024
23045001
23045011
23045014
23045018
23048017
23048022
23049007
23049008
23049022
23050001
23052003
23052004
23056001
23056008
23057014
23065008
23065013
23066001
23066012
23066017
24001009
24004003
24005014
24006021
24006022
24009007
24009017
24009020
24010001
24010002
24011017
24014001
24014010
24014017
24015003
24015004
24017005
24018013
24021011
24021012
24022011
24022012
24022018
24022024
24022025
24022026
24022027
24023009
24023015
24023016
24025018
24025019
24025020
24025021
24025022
24025023
24025024
24025025
24025026
24025030
24025032
24026019
24029004
24029005
24029006
24029007
24029008
24029009
24029010
24029011
24029012
24029013
24029014
24029015
24029016
24029017
24029018
24029019
24029020
24029021
24029022
24029023
24029024
24029025
24029026
24029027
24029028
24030005
24030012
24030018
24031002
24031007
24031015
24031016
24031023
24031024
24031030
24031037
24031038
24031039
24031040
24032017
24032018
24032019
24032020
24032021
24032022
24032023
24032024
24032025
24038023
24043012
24043013
24045002
24045003
24046001
24046022
24047002
24048010
24048040
24049001
24049007
24049023
24050033
24050034
24051001
24051033
24051036
26010007
26010008
26017009
26018003
26018004
26030006
26032003
26042017
26042018
26042019
26047016
26047017
26047018
26047019
26047020
27009025
27011001
30001003
30001006
30001009
30001011
30001013
30002001
30002004
30002006
30005003
30005004
31001001
32003007
32003008
32003009
33002003
33003005
34001001
34001012
35002002
35002004
35003001
37001001
37001005
37001007
37002003
37002004
37002005
37002006
37002007
37002008
37002009
38001015
38001016
38001017
38006013
38006014
38012012
38012013
38013007
39001001
40001003
40001004
40001005
40001006
40001007
40001008
40001009
40001010
40001011
40001012
40001013
40001014
40001015
40001016
40011011
40011012
40011013
40011014
40011015
40011018
40011019
40013016
40013017
40015010
40015011
40022045
40026032
41001002
41012037
41014028
42003001
42003002
42007028
42007033
42007034
42007035
42020018
42020030
42020031
42020044
42023031
43008001
43012041
44004012
44013034
44013035
44015024
44015025
44015026
44015027
44015028
44015029
44023026
44023027
44023028
44023029
44023030
44028028
45001001
45001002
45001003
45001004
45001005
45001006
45008037
45008038
45008039
45009016
45009017
45009018
45009026
45009027
45009029
45010019
45010020
45010021
45011009
45012021
45014012
45015010
45015011
45015012
45015013
46001001
47001001
47002001
47002002
47002003
47002004
47009010
47009011
47009012
47009013
47009014
47009015
48001001
49001001
49004009
49004010
49004011
49004012
49004013
49004014
49004015
49004016
50001001
50003005
50003006
51001001
52001001
53001001
54001001
55001001
56001001
56001002
56001003
56001013
56001014
56001015
56001016
58010031
58010039
58013020
58013021
59001001
60001001
61001001
63001001
66002002
66002003
66002004
66002005
66002006
66002007
66002009
66002010
66002011
66002013
66002014
66002015
66002016
66002017
66002019
66002020
66002021
66002022
66002023
66002024
66002025
66002026
66002028
66002029
66003002
66003003
66003004
66003005
66003006
66003008
66003009
66003010
66003011
66003012
66003013
66003015
66003016
66003017
66003018
66003019
66003020
66003021
66003022
66005014
66007005
66007006
66007007
66007008
66007011
66007012
66011016
66011017
66013001
66013002
66013003
66013004
66016007
66017006
66017007
66017008
66017009
66017010
66017011
66018024
66019003
66019004
66019005
66019006
66019009
