40022045
41006003
41012037
42020018
42020044
44002032
44002033
44002034
44004012
44004027
44004028
44004029
44004030
44007044
44007045
44007046
44007047
44013034
44013035
44013036
44013037
44013038
44013039
44013040
44013042
44013043
44028028
45008037
45008038
45008039
45009027
45009028
45009029
45010019
45010020
45010021
45011011
45011012
45011028
45011029
45011030
45011031
45011032
45011036
45014012
45015010
45015011
45015012
46001020
46002010
46002011
46002012
46014022
46014023
46014024
46014025
46015056
46015057
47009010
47009011
47009012
47009013
47009014
47009015
49004009
49004010
49004011
49004012
49004013
49004014
49004015
49004016
55002011
58001006
58001007
58001008
58001010
58001013
58002009
58002010
58002013
58004004
58004005
58004006
58004007
58007022
58008013
58010008
58010009
58010010
58010017
58010018
58010039
58012007
58012008
58012009
58012010
58012011
60002007
60002008
60004019
66002002
66002003
66002004
66002005
66002006
66005013
66005014
