40002010
40006004
40006008
40006021
40007014
40007017
40009021
40010010
40010025
40012004
40012037
40014004
40015006
40018020
40019019
40021043
40022038
40023024
40024016
40024024
40025036
40025043
40027018
40028009
41001002
41001044
41002002
41003010
41003014
41004012
41005007
41005016
41005023
41005028
41006018
41006050
41007012
41007019
41007022
41009031
41010030
41013022
41013036
41015010
41015030
41015043
41016011
42001015
42001027
42001049
42001055
42001074
42002045
42004010
42004019
42005009
42005010
42007019
42008042
42011048
42011051
42012036
42015006
42015024
42016028
42018005
42018030
42019023
42020021
42020036
42020043
42021035
42022026
42023037
42023045
42023051
43001007
43001017
43001020
43001027
43003015
43004008
43006006
43006031
43006055
43007044
43008004
43009014
43011002
43012011
43016027
44001002
44001022
44001025
44002035
44002045
44004028
44004035
44008002
44009002
44010011
44010046
44011024
44013033
44013039
44017020
44018003
44020027
44022018
44023035
44024019
44025003
44025027
44026008
44026018
45001004
45001015
45003030
45005016
45006004
45007003
45008002
45008021
45008039
45009003
45009011
45009012
45009028
45015016
45015019
45015024
45016026
46005013
46006010
46007018
46015016
47001014
47002015
47003008
47003015
47006007
47012004
48001003
48001016
48002007
48005023
49001010
49001016
49001020
49002005
49003021
49004013
49005014
49005030
49006003
50001005
50001017
50002002
50003009
51001006
51002014
51003024
51004008
52002007
52002018
52003002
53001008
53002002
53002017
54001019
54003007
54003015
54006004
54006014
55003011
56001014
56002005
58002004
58003008
58004003
58006002
58006020
58007010
58007021
58010004
58011018
58013021
59002004
59005020
60001019
60002003
60003002
61001004
62002006
62003020
65001015
66002025
66002027
66004010
66007003
66014010
66016016
66022002
66022019
