40001002
40001003
40001004
40001005
40001006
40001007
40001008
40001009
40001010
40001011
40001012
40001013
40001014
40001015
40001016
40006014
40006015
40011011
40011012
40011013
40011014
40011015
40011018
40011019
40013014
40013016
40013017
40022045
40022046
40026032
41001004
41001005
41001006
41001007
41001008
41007008
41009049
41012037
41014028
42001047
42001048
42001049
42001050
42001051
42001052
42001053
42001054
42001055
42001068
42001069
42001070
42001071
42001072
42001073
42001074
42001075
42001076
42001077
42001078
42001079
42002029
42002030
42002031
42002032
42003024
42003025
42003026
42003027
42003028
42003029
42003030
42003031
42003032
42003033
42003034
42003035
42003036
42003037
42003038
42007033
42007034
42007035
42020018
42020044
42023031
43012014
43012041
44001021
44001022
44004012
44004027
44004028
44004029
44004030
44013034
44013035
44015024
44015025
44015026
44015027
44015028
44015029
44023026
44023027
44023028
44023029
44023030
45008037
45008038
45008039
45009016
45009017
45009018
45009026
45009027
45009029
45010019
45010020
45010021
45011009
45012021
45014012
45015010
45015011
45015012
45015022
46002010
46015033
46015034
46015056
46015057
47006017
47006018
47009010
47009011
49004009
49004010
49004011
49004012
49004013
58001006
58001007
58001008
58001010
58001013
58001014
58002009
58002013
58004004
58004005
58004008
58004009
58004010
58004011
58005006
58007022
58010008
58010009
58010010
58010017
58010038
58010039
58013006
60002007
60002008
60002023
60002024
60002025
60005006
60005007
66002002
66002003
66002004
66002005
66002006
66002007
66002009
66002010
66002011
66002013
66002014
66002015
66002016
66002017
66002019
66002020
66002021
66002022
66002023
66002024
66002025
66002026
66002027
66002028
66002029
66003002
66003003
66003004
66003005
66003006
66003008
66003009
66003010
66003011
66003012
66003013
66003015
66003016
66003017
66003018
66003019
66003020
66003021
66003022
66004009
66004010
66005014
66007005
66007006
66007007
66007008
66007011
66007012
66011016
66011017
66016007
66016015
66016016
66017006
