40003004
40004007
40008018
40008019
40008020
40010036
40011011
40013014
40013036
40013037
40021010
40026032
41001003
41004013
41011010
41012011
41012037
41014028
43012014
43012039
45003005
45003011
45008037
45009016
45009026
45010019
45011009
45011027
45011034
45012021
45014012
45015010
45015022
46001020
46002010
46015033
47009010
48004028
49004009
49005015
58002007
58002013
58003008
58003016
58004008
58007018
58007022
58008009
58012006
58013006
59004007
62002013
66005010
66005013
66007011
66007013
66007016
66011016
66011018
66015004
66016006
66018003
66018005
66018011
66018017
66018020
66018022
66019002
