40001002
40001003
40001004
40001005
40001006
40001007
40001008
40001009
40001010
40001011
40001012
40001013
40001014
40001015
40001016
40002009
40002010
40022045
41008008
41008009
41012037
41015042
41015043
41016003
41016004
42001073
42001074
42002036
42002037
42020018
42020044
42023044
42023045
42023050
42023051
44001021
44001022
44002032
44002033
44002034
44004012
44004027
44004028
44004029
44004030
44008027
44008028
44013032
44013033
44013034
44013035
44013036
44013037
44013038
44013039
44013040
44015024
44015025
44015026
44015027
44015028
44015029
44017029
44017030
44017031
45003025
45003026
45008037
45008038
45008039
45009011
45009012
45009027
45009028
45009029
45010019
45010020
45010021
45011028
45011029
45011030
45011031
45011032
45011036
45014012
45015010
45015011
45015012
46001020
46002010
46002011
46002012
46005003
46005004
46005012
46005013
46014022
46015051
46015052
46015056
46015057
47006017
47008013
47008014
47009010
47009011
47009012
47009013
47009014
47009015
47012003
47012004
49002008
49002009
49004009
49004010
49004011
49004012
49004013
49004014
49004015
49004016
51001011
51001012
56001012
56001013
58001006
58001008
58001010
58001013
58002009
58002010
58002013
58004004
58004005
58004006
58004007
58005006
58007022
58008013
58010008
58010009
58010010
58010017
58010018
58010039
58012007
58012008
58012009
58012010
58012011
58013020
58013021
59001007
59001008
60002007
60002008
60004019
66005013
66005014
66007005
66007006
66007007
66007008
