40001002
40001003
40001004
40001005
40001006
40001007
40001008
40001009
40001010
40001011
40001012
40001013
40001014
40001015
40001016
40006014
40006015
40009005
40009006
40010003
40010004
40011018
40011019
40013016
40013017
40022045
40026032
40027010
41002009
41002010
41003017
41003018
41003019
41005007
41005008
41007008
41012037
41014028
42001026
42001027
42003002
42003003
42003004
42003024
42003025
42003026
42003027
42003028
42003029
42003030
42003031
42003032
42003033
42003034
42003035
42003036
42003037
42003038
42004011
42004025
42004026
42005008
42005009
42005023
42005024
42006014
42006015
42006016
42007028
42007033
42007034
42007035
42008028
42008029
42008041
42008042
42011005
42011006
42020018
42020044
42022039
42022040
42023050
42023051
42024047
42024048
43001032
43001033
43001034
43012039
43012041
44001016
44001017
44001021
44001022
44001024
44001025
44002032
44002033
44002034
44003009
44003010
44004012
44004021
44004022
44004027
44004028
44004029
44004030
44005005
44005006
44008001
44008002
44008003
44011023
44011024
44013034
44013035
44013036
44013037
44013038
44013039
44013040
44015021
44015024
44015025
44015026
44015027
44015028
44015029
44019013
44019014
44020037
44020038
44021035
44021036
44023026
44023027
44023028
44023029
44023030
44024002
44024003
44024006
44024008
44024017
44024018
44028010
44028011
45001003
45001004
45001009
45001010
45003025
45003026
45008038
45008039
45009011
45009012
45009026
45009027
45009029
45010019
45010020
45010021
45011009
45012020
45012021
45014012
45015010
45015011
45015012
45016003
45016004
45016005
45016006
45016007
45016008
45016009
45016010
45016011
45016012
45016013
45016014
45016015
45016016
46002010
46005012
46005013
46006009
46006010
46012018
46012019
46015056
46015057
47009010
47009011
47012003
47012004
48003026
48003027
48004010
48004011
49001015
49001016
50001010
50001011
51001010
51001011
52003001
52003002
53002016
53002017
58001006
58001007
58001008
58001010
58001013
58001014
58002009
58002013
58004004
58004005
58004008
58004009
58004010
58004011
58005006
58006001
58006002
58006004
58006005
58006006
58007013
58007014
58007022
58010008
58010009
58010010
58010017
58010018
58010039
58011017
58011018
58011024
58011025
58013006
58013020
58013021
59001007
59001008
60002007
60002008
60002023
60002024
60002025
60003019
60003020
60003021
60003022
60004019
60005006
60005007
62003019
62003020
66001004
66005014
66007005
66007006
66007007
66007008
66011016
66011017
66016007
