40003004
40004007
40004008
40004009
40004010
40004011
40006014
40006015
40011018
40011019
40013016
40013017
40021006
40021007
40021008
40021009
40021017
40021043
40022045
40022046
40026032
40026033
40026034
40026035
41001004
41001005
41001006
41007008
41007009
41007010
41007011
41007012
41007013
41012012
41012037
41013026
41013027
41014028
41014029
41014030
41014031
42001018
42001019
42001020
42001034
42001035
42001036
42001037
42001038
42001043
42001044
42001045
42001056
42004011
42004012
42004020
42004021
42006023
42007023
42007028
42007033
42007034
42007035
42011005
42011006
42011007
42011008
42019039
42019040
42020018
42020044
43001015
43001017
43012014
43012016
43012039
43012041
43012042
43012043
43019020
43019021
43019022
44001021
44001022
44002022
44002023
44002024
44002025
44002029
44002030
44002031
44002032
44002033
44002034
44002036
44004027
44004028
44004029
44004030
44004031
44007044
44007045
44007046
44007047
44007048
44007051
44007052
44007053
44008034
44008035
44008036
44008038
44008039
44008040
44013034
44013035
44013036
44013037
44015019
44015020
44015021
44017029
44017030
44017031
44028028
45003005
45003006
45003007
45003008
45003019
45003020
45008037
45008038
45008039
45009027
45009029
45010019
45010020
45010021
45011009
45011028
45011029
45011030
45011031
45011032
45014012
45015010
45015011
45015012
45015013
46001020
46001021
46001022
46001023
46001024
46001025
46002010
46002011
46002012
46002013
46002014
46002015
46002016
46014022
46014023
46014024
46014025
46015034
46015056
46015057
47009010
47009011
47009012
47009013
47009014
47009015
48004028
48004029
48004030
48004031
49004007
49004008
49004009
49004010
54002007
54006009
54006010
54006013
54006014
54006015
55001011
55001012
56001013
56001014
56001015
56001016
58001006
58001007
58001008
58001010
58001013
58001014
58002013
58002014
58002015
58002016
58002017
58002018
58003012
58003013
58003014
58003015
58003016
58003017
58003018
58003019
58004008
58004009
58004010
58005006
58005007
58005008
58005009
58005010
58006015
58006016
58006017
58006018
58006019
58006020
58007018
58007019
58007022
58008013
58009021
58009022
58010008
58010018
58010031
58010039
58011019
58011020
58011021
58011022
58012007
58012008
58012009
58012010
58012011
58012027
58012028
58012029
59004007
59004008
59004009
59004010
60002007
60002008
60003020
60003021
60003022
62004011
62004012
62004013
62004014
66004009
66004010
66005013
66005014
66011016
66011017
66016007
66018017
66018024
66019002
66019003
66019004
66019005
66019006
