01015021
02030038
11015006
11015032
12011006
13004001
14010019
19051019
19051020
19051021
26040008
26040030
27013021
27013022
27013023
27013024
27013025
27013026
27013027
27013028
27013029
27013030
27013031
27013032
27013033
27013034
27013035
27013036
27013037
27013038
27013039
27013040
27013041
27013042
27013043
27013044
27013045
27013046
27013047
27013048
27013049
27013050
27013051
27013052
27013053
27013054
27013055
27013056
27013057
27013058
27013059
27013060
27013061
27013062
27013063
27013064
40012047
51002008
