40002023
40004004
40004007
40004010
40005003
40005004
40005005
40005006
40005007
40005008
40005009
40005010
40005011
40005012
40006010
40006011
40006012
40006013
40011017
41011010
41013025
41013027
41014062
42001047
42001048
42001049
42001051
42001052
42001054
42001055
42001068
42001069
42001070
42001072
42001073
42001074
42001075
42001076
42001077
42001078
42001079
42002014
42002029
42002030
42002031
42002032
42006021
42006024
42006025
42006026
42011003
42011004
45011033
45011036
46015054
55002012
55002013
66004011
66005010
66007012
66011018
66012011
66012012
66015004
66018003
66018005
66018006
66018007
66018008
66018017
66018020
66018022
66018023
66019007
66019008
