40001023
40002006
40002018
40003002
40004015
40004016
40011003
40011017
40011021
40012018
40012019
40012020
40012021
40013015
40013050
40014007
40015008
40015009
40017015
40018003
40018033
40019019
40020012
40020014
40021005
40021013
40022032
40022036
40022044
40026002
40026004
40026061
40027004
40027010
40027034
40027040
40028006
40028013
40028019
40028020
41001015
41001044
41002007
41008010
41012011
42001006
42001047
42001048
42001049
42001055
42001070
42001074
42001075
42002023
42002030
42002031
42004010
42004011
42004019
42004026
42006048
42009008
42009024
42011006
42013024
42016028
42017008
42019021
42019023
42019027
42019030
42019031
42019038
42019042
42019043
42020043
42021006
42021030
42022007
42022015
43008010
43012015
44002035
44005004
44005028
44007028
44007032
44007034
44007049
44007050
44007056
44010011
44010020
44013041
44013047
44014010
44020021
44025003
45005017
46005005
46005011
46007002
46007022
46008006
46011024
46014033
46015009
49001016
49001020
49002005
50002002
56003005
58006014
59002003
59002016
59005020
66001005
