40004007
40004017
40006014
40006015
40009020
40009021
40011018
40011019
40013016
40013017
40021043
40024030
40024031
41005027
41005028
41006049
41006050
41007007
41007008
41007009
41007010
41007011
41007012
41007013
41011017
41011018
41011019
41012012
41012037
41013026
41013027
41015042
41015043
42007028
42007033
42007034
42007035
42020018
42020019
42020044
42023050
42023051
43008001
43008002
43008003
43008004
43008005
43008006
43011001
43011002
44001021
44001022
44002032
44002033
44002034
44004012
44007044
44007045
44007046
44007047
44007051
44007052
44007053
44008001
44008034
44008035
44008036
44008038
44008039
44008040
44013034
44013035
44013036
44013037
44013038
44013039
44013040
44013041
44015018
44028028
45009011
45009012
46005012
46005013
47006017
47006018
47009010
47009011
47009012
47009013
47009014
47009015
48004028
48004029
48004030
48004031
50002009
50002010
58001006
58001007
58001008
58001009
58001010
58001011
58001013
58001014
58002013
58003009
58003016
58003017
58003018
58003019
58004004
58004005
58004008
58004009
58004010
58004011
58004013
58005007
58005008
58005009
58005010
58006015
58006016
58006017
58006018
58006019
58006020
58007018
58007019
58008010
58008013
58010008
58010009
58010017
58010031
58010038
58012007
58012008
58012009
58012010
58012011
58012021
60002008
62003019
62003020
66001006
66014019
66014020
66016006
66016007
66018021
66019003
66019004
66022017
