40002017
40002018
40003001
40003002
40007028
40007029
40011018
40011019
40024030
40024031
40026032
41009043
41009045
41012010
41012011
41012037
41013026
41013027
41014028
41014057
41014058
41015042
41015043
42007028
42020018
42020042
42020043
42022029
42022030
42023044
42023045
42023050
42023051
42024006
42024007
43003014
43003015
43010014
43010015
43012014
43012015
43012039
43012040
44001001
44001002
44002034
44002035
44004012
44013034
44013035
45011009
45014012
46002010
46002011
46002012
46012029
46012030
46012031
46015056
46015057
47006017
47009010
49004009
49004010
49006014
49006015
53002016
53002017
57001004
57001005
57001012
57001013
58001006
58001007
58001008
58001010
58001013
58001014
58002009
58002010
58002013
58004004
58004005
58004006
58004007
58004008
58004009
58004010
58004011
58005006
58007018
58007019
58007022
58010008
58010009
58010010
58010017
58010018
58010039
58012007
58012008
58012009
58012010
58012011
59001007
59001008
60002002
60002003
60002007
60002008
60003001
60003002
66001004
66001005
66002002
66002003
66002004
66002005
66002006
66002007
66002009
66002010
66002011
66002013
66002014
66002015
66002016
66002017
66002019
66002020
66002021
66002022
66002023
66002024
66002025
66002026
66002028
66002029
66003002
66003003
66003004
66003005
66003006
66003008
66003009
66003010
66003011
66003012
66003013
66003015
66003016
66003017
66003018
66003019
66003020
66003021
66003022
66004009
66004010
66016007
