16005001
16005002
16005003
16005004
16005005
16005006
16005007
16005008
16005009
16005010
16005011
16005012
16005019
16006001
16006002
16006003
16006004
16006005
16006006
16006007
16006008
16006009
16006010
16006011
16006012
16006013
16007004
16007005
16007006
16007007
16007008
16007009
16007010
16007011
16007012
16007013
16007014
16007015
16007016
16007017
16007018
16007019
16007020
16007021
16007022
16007023
16007024
16007025
16007026
16007027
16007028
16007029
16007030
16007031
16007032
16007033
16007034
16007035
16007036
16007037
16007038
16007039
16007040
16007041
16007042
16007043
16007044
16007045
16007046
16007047
16007048
16007049
16007050
16007051
16007052
16007053
16007054
16007055
16007056
16007057
16007058
16007059
16007060
16007061
16007062
16007063
16007064
16007065
16007066
16007067
16007068
16007069
16007070
16007071
16007072
16007073
40005001
40005002
40005003
40005004
40005005
40005006
40005007
40005008
40005009
40005010
40005011
40005012
40005013
40005014
40006033
40006034
40007001
40007002
40007003
40007004
40007005
40007006
40007007
40007008
40007009
40007010
40007011
40010002
40010003
40010004
40010005
40010006
40010007
40010008
40010009
40010010
40010011
40010012
40010013
40010014
40010015
40010016
40010017
40010018
40010019
40010020
40010021
40010022
40011026
40011027
40011028
40011029
40011030
40025001
40025002
40025003
40025004
40025005
40025006
40025007
40025008
40025009
40025010
40025011
40025012
40025013
40025014
40025015
40025016
40025017
40025018
40025019
40025020
40025021
40025022
40025023
40025024
40025025
40025026
40025027
40025028
40025029
40025030
40025031
40025032
40025033
40025034
40025035
40025036
40025037
40026004
40026005
40026006
40026007
40026008
40026009
40026010
40026011
40026012
40026013
40026014
40026015
40026016
40026017
40026018
40026019
40026020
40026021
40026022
40026023
40026024
40026025
40026026
40026027
40026028
40026029
40026030
40026031
40026032
40026033
40026034
40026035
40026036
40026037
40026038
40026039
40026040
40026041
40026042
40026043
40026044
40026045
40026046
40026047
40026048
40026049
40026050
40026051
40026052
40026053
40026054
40026055
40026056
40026057
40026058
40026059
40026060
40026061
40026062
40026063
40026064
40027020
40027021
40027022
40027023
40027024
40027025
40027026
40027027
40027028
40027029
40027030
40027031
40027032
40027033
40027034
40027035
40027036
40027037
40027038
40027039
40027040
40027041
41006031
41006032
41006033
41006034
41006035
41006036
41006037
41006038
41006039
41006040
41006041
41006042
41006043
41006044
41006045
41006046
41006047
41006048
41006049
41006050
41006051
41006052
41012039
41012040
41012041
41012042
41012043
41012044
41013001
41013002
41013003
41013004
41013005
41013006
41013007
41013008
41013009
41013010
41013011
41013012
41013013
41013014
41013015
41013030
41013031
41013032
41013033
41013034
41013035
41013036
41013037
41014001
41014002
41014003
41014017
41014018
41014019
41014020
41014021
41014022
41014023
41014024
41014025
41014026
41014027
41014028
41014029
41014030
41014031
41014032
41014033
41014034
41014035
41014036
41014037
41014038
41014039
41014040
42010031
42010032
42010033
42010034
42010035
42010036
42010037
42010038
42010039
42010040
42010041
42010042
42014001
42014002
42014003
42014004
42014005
42014006
42014007
42014008
42016025
42016026
42016027
42016028
42016029
42016030
42016031
42017001
42017002
42020047
43005001
43005002
43005003
43005005
43005006
43005007
43005008
43005009
43005010
43005011
43005012
43005013
43005014
43005015
43005016
43005017
43005018
43005019
43005020
43005021
43005022
43005023
43005024
43005025
43005026
43005027
43005028
43005029
43005030
43005031
43005032
43005033
43005034
43005035
43005036
43005037
43005038
43005039
43005040
43005041
43005042
43005043
43005044
43008001
43008002
43008003
43008004
43008005
43008006
43008007
43008008
43008009
43008010
43008011
43011048
43011049
43011050
43011051
43011052
43011053
43011054
43011055
43011056
43011057
43012050
43013001
43013002
43013003
43013004
43013005
43013006
43013007
43013008
43013009
43013010
43019014
43019015
43019016
43019017
43019018
43019019
43019020
43019021
43019022
43019023
43019024
43019025
43019026
43019027
43019028
43019029
43019030
43019031
43019032
43019033
43019034
43019035
43019036
43019037
43019038
43019039
43019040
43019041
43019042
45006001
45006002
45006003
45006004
45006005
45006006
45006007
45006008
45006009
45006010
45006011
45006012
45006013
45006014
45006015
45006016
45006017
45006018
45006019
45006020
45006021
45006022
45008011
45008012
45008013
45008014
45008015
45008016
45008017
45008018
45008019
45008020
45008021
45008022
45008023
45008024
45008025
45008026
45008027
45008028
45008029
45008030
45008031
45008032
45008033
45011002
45011003
45011004
45011005
45011006
45011007
45011008
45011009
45011010
45012006
45012007
45014006
45014007
45014008
45014021
45014022
45014023
45015001
45015002
45015014
45015015
45015016
45015017
45015018
45015019
45015020
45015021
45015022
45015023
45015024
45015025
45015026
45015027
45015028
45015029
45015030
45015031
45015032
45015033
45016001
45016002
45016003
45016004
45016005
45016006
45016007
45016008
45016009
45016010
45016011
45016012
45016013
45016014
45016015
45016016
45016017
45016018
45016019
45016020
45016026
45016027
46001001
46001002
46001003
46001004
46001005
46001006
46001007
46001008
46001009
46001010
46001011
46001026
46001027
46001028
46001029
46001030
46001031
46004001
46004013
46004014
46004015
46004016
46004017
46004018
46004019
46004020
46004021
46005001
46005002
46006002
46006003
46006004
46006005
46006006
46006007
46006008
46006009
46006010
46006011
46006012
46006013
46006014
46006015
46006016
46006017
46006018
46006019
46006020
46007001
46007002
46007003
46007004
46007029
46007030
46007031
46007032
46007033
46007034
46007035
46007036
46007037
46007038
46007039
46007040
46008001
46008002
46008003
46008004
46008005
46008006
46008007
46008008
46009010
46009011
46009012
46009013
46009014
46009015
46009016
46009017
46009018
46010005
46010006
46010007
46010008
46010009
46010010
46010011
46010012
46010013
46010014
46011007
46011008
46011009
46011010
46011011
46011012
46011013
46011014
46011015
46011016
46011017
46011018
46011019
46011020
46011032
46011033
46011034
46012001
46012002
46012003
46012004
46012005
46012006
46012007
46012008
46012009
46012023
46012024
46012025
46012026
46012027
46012028
46012029
46012030
46012031
46013013
46014001
46014002
46014003
46014004
46014005
46014006
46014007
46014008
46014009
46014010
46014011
46014012
46014013
46014014
46014015
46014016
46014017
46014018
46014019
46014028
46014029
46014030
46014031
46014032
46014033
46014034
46014035
46014036
46014037
46014038
46014039
46014040
46015036
46015037
46015038
46015039
46015040
46015041
46015042
46015043
46015044
46015045
48001008
48001009
48001010
48001011
48001012
48001013
48001014
48001015
48001016
48001017
48001018
48001019
48003007
48003008
48003009
48003010
48003011
48003012
48003013
48003014
48003015
48003016
48003017
48003018
48003019
48003020
48003021
48003022
48003023
48003024
48003025
48003026
49005012
49005013
49005014
49005015
49005016
49005030
49005031
49005032
49005033
49006001
49006002
49006003
49006004
49006005
49006006
49006007
50001001
50001002
50001003
50001004
50001005
50001006
50001007
50001008
50001009
50001010
50001011
50001012
50001013
50002009
50002010
50002011
50002012
50002013
50002014
50002015
50002016
50002017
50002018
50002019
50002020
50002021
50004018
50004019
50004020
50004021
50004022
50004023
51001001
51001002
51001003
51001004
51001005
51002001
51002002
51002003
51002004
51002005
51002006
51002007
51002008
51002009
51002010
52002001
52002002
52002003
52002004
52002005
52002006
52002007
52002008
52002009
53002005
53002006
53002007
53002008
53002009
53002010
53002011
53002012
53002013
53002014
54005015
54006017
54006018
54006019
54006020
54006021
55004017
55004018
55004019
55004020
55004021
55004022
56002002
56002003
56002004
56002005
56002006
56002007
56002008
56002009
56002010
56002011
56002012
56002013
56002014
56002015
57001001
57001002
57001003
57001004
57001005
57001006
57001007
57001008
57001009
57001010
57001024
57001025
