01031051
01035021
02025006
02028023
02028024
02028025
02028026
02028027
02028028
02035015
02035017
02035018
02037022
02037023
02037024
02037025
02037026
02037027
02037028
02037029
02038028
02038029
02038030
02038031
02039024
02039025
02039026
02039027
02039028
02039029
02039030
02039031
02039032
02039033
02039034
02039035
02039036
02039037
02039038
02039039
02039040
02039041
02039042
02039043
02040007
02040011
02040028
02040030
02040031
02040032
04006027
06006004
06008013
06008026
06008030
06008031
06008032
06008033
06008034
06008035
06010015
06010043
06013033
06020004
06020005
06020006
07011004
09013001
09017012
09017013
09017014
09017015
09017016
09017017
09017018
09017019
09017020
09017021
09017022
09017023
09017024
09017025
09017026
09017027
09017028
09017029
09017030
09017031
09017041
09017050
09017055
09017056
09017057
09017058
09018001
09018002
09018003
09018004
09018005
09018010
09018011
09018017
09018018
09018019
09018030
09023012
11003001
11004020
11004033
11005005
11005006
11005007
11005008
11006011
11006012
11006013
11006014
11006018
11006037
11006038
11007051
11008012
11008013
11009015
11009016
11009017
11009018
11009019
11009020
11009021
11009022
11009023
11009024
11009025
11011003
11011023
11011024
11011039
11012002
11012017
11013027
11014001
11014002
11014003
11014004
11014005
11014006
11014007
11014008
11014009
11014010
11014011
11014012
11014013
11014014
11014015
11014016
11014017
11014018
11014019
11014020
11015006
11015032
11022047
11022048
11022049
11022050
13001011
13001012
13001013
13001014
13001015
13001016
13001018
13001019
13001020
13001021
13001022
13001023
13016024
14027008
16003007
16004006
16011016
16011020
16011021
16011028
16011029
16011032
16011033
16011034
16011035
16012004
16012005
16012006
17004006
17005001
17005002
17009005
17009030
18023014
19116010
19116014
20004007
20008033
20011004
20015031
20016001
20016003
20016004
20016006
20018023
20018024
20019001
20019002
20020014
20020015
20020016
20020017
20020018
20020019
20020020
20020021
20020022
20021005
20022006
20023023
23002022
23056012
24002001
24007001
24007027
24008011
24008012
24010006
24010007
24010008
24010010
24011007
24017001
24017002
24017003
24017004
24027001
24027007
24027013
24027017
24027021
24029016
24029017
24029018
24029019
24029020
24030010
24030011
24030015
24030022
24033014
24033015
24033016
24033017
24033018
24033019
24033020
24033021
24033022
24033023
24033024
24033025
24033026
24039004
24039005
24039006
24039007
24039008
24039009
24039010
24039011
24039012
24039013
24046001
24046026
24048045
24048046
24048047
24049006
24051045
24051046
24051047
24051048
24052002
24052003
24052015
24052028
24052029
24052030
25003022
25003023
25003024
25003029
26001014
26010014
26027031
26032019
26033026
26040030
27004001
27004002
27004003
27004006
27004007
27004008
27004009
27005014
27005015
27005018
27005019
27005020
27005021
27005022
27005024
27005025
27005027
27005028
27013001
27013002
27013003
27013004
27013005
27013015
27013016
27013017
27013018
27013020
27013021
27013024
27013025
27013026
27013027
27013042
27013043
27013046
27013047
27013049
27013050
27013064
27014012
27014016
27014017
27014029
27014032
