01004004
01006003
01006004
01006012
01007009
01007012
01007013
01007022
01020018
01023018
01035015
03011005
03011006
03011027
03014031
03017004
04004003
04007013
04007014
04007015
04007016
04007017
04007018
04007019
04007020
04007021
04007022
04007023
04007024
04007025
04007026
04007027
04007028
04007029
04007030
04007031
04007032
04007033
04007034
04007035
04007036
04007037
04007038
04007039
04007040
04007041
04007042
04007043
04007044
04007045
04007046
04007047
04007048
04007049
04007050
04007051
04007052
04007053
04007054
04007055
04007056
04007057
04007058
04007059
04007060
04007061
04007062
04007063
04007064
04007065
04007066
04007067
04007068
04007069
04007070
04007071
04007072
04007073
04007074
04007075
04007076
04007077
04007078
04007079
04007080
04007081
04007082
04007083
04014013
04015040
04022003
04032009
04035027
08003004
10007011
11001010
11001030
13004012
13004018
13008020
13008021
13008023
13008024
13008025
13008027
14029013
14029014
15007008
23029021
24036010
28002010
40009006
40010036
41002010
41005008
42001027
42004026
42005009
42005024
42008029
42011006
42022040
42022064
42023051
42024048
43001033
43001034
43010015
44001017
44001022
44001025
44003010
44004022
44005006
44008002
44008003
44011024
44013039
44019014
44020038
44021036
44023008
44024018
44028011
45001004
45001010
45008039
45009012
46005013
46006010
46012019
47012004
48002004
48003027
48004029
49001016
52003002
53002017
58006002
58006005
58006006
58011018
58011025
58013021
58013024
59001008
62002024
62003020
