40008024
40009021
40010020
40011026
40012032
40012047
40012049
40013032
40014004
40016009
40020015
40020027
40023030
40026007
40027018
40027019
40027040
40027058
41001005
41001006
41001044
41003017
41003018
41003019
41005008
41005028
41005043
41006006
41006018
41006019
41006048
41007026
41009013
41009018
41009031
41010044
41014049
41015010
41015025
41015041
41016009
41016010
41016011
41016012
41016013
41016014
41016015
41016016
41016017
41016018
41016019
41016020
42001002
42001003
42001004
42001007
42001042
42001073
42001074
42001075
42002002
42002005
42002007
42002044
42004007
42005010
42008002
42008003
42008029
42009014
42009031
42010039
42010040
42011006
42011036
42012028
42012036
42017016
42017027
42018014
42020002
42021035
42022020
42022053
42023051
42023055
42024012
42024014
42024040
43001024
43003024
43003032
43004006
43004008
43006002
43006003
43006004
43006017
43010023
43011018
43012018
43013024
43020004
44001002
44001005
44001022
44002011
44003002
44004022
44004035
44005006
44005023
44008002
44008016
44010046
44013041
44014007
44017020
44021016
44022010
44022023
44023007
44023008
44023013
44026003
44026018
44026031
44027037
44028011
44028015
45001014
45001015
45001025
45001029
45003004
45003030
45004002
45004020
45004025
45005014
45008008
45008013
45009002
45009004
45009005
45009010
45009012
45011002
45013013
45016026
46001002
46001003
46005004
46005013
46007011
46010004
46011012
46011021
46012019
46014034
46015002
46015016
46015022
46016007
46016011
47001002
47001004
47001009
47001014
47004011
47006009
47006018
47008004
47008014
47009002
47010005
47011009
47011015
47012003
48001002
48001016
48004025
49001008
49001012
49001020
49002005
49003019
49005004
50001004
50001022
51001002
51001006
51002007
51003013
51004008
52001003
52002018
52002020
52003003
52004010
53002002
53002010
54001002
54005012
54005015
54006021
55001002
55002004
55002017
55004004
55004010
55004011
55004012
55004013
56001002
56001003
56001004
56001014
57001009
58002017
58003009
58006005
58006006
58007014
58007021
58009012
58009017
58010006
58010020
58011018
58012002
59001015
59002022
60001004
61001018
61002008
62003020
62005003
66001005
66009018
66009021
66013017
66014005
66014020
66016009
66021020
66021025
66022013
