01005024
01020018
03003004
03003015
03018013
03021012
04007020
04007021
04007022
04007023
04007026
04007027
04007028
04007029
04007032
04007033
04007034
04007035
04007038
04007039
04007040
04007041
04007044
04007045
04007046
04007047
04007050
04007051
04007052
04007053
04007056
04007057
04007058
04007059
04007062
04007063
04007064
04007065
04007068
04007069
04007070
04007071
04007074
04007075
04007076
04007077
04007080
04007081
04007082
04007083
10017029
10024012
11009021
13004018
13004035
13008007
13008009
13016013
13025010
13025011
13025012
13025013
13025014
13025015
13025016
13025017
13025018
13025019
13025020
13025021
13025022
13025023
13025024
13025025
13025026
13025027
13025028
13025029
13025030
13025031
14003012
14003013
14008008
15008003
18034015
19044017
19105006
19105009
19116019
20026019
21004014
26001006
26040030
40012010
40027036
41002021
43010015
44001022
44013039
45009012
45015019
46005013
