40001022
40001023
40006003
40006004
40007028
40007029
40011021
40011022
40028017
40028018
41006017
41006018
41006019
42001054
42001055
42010013
42010014
42012035
42012036
42012037
42019020
42019021
42023050
42023051
44001021
44001022
44008027
44008028
44013040
44013041
45007024
45007025
45009011
45009012
45010003
45010004
45013011
45013012
47001015
47001016
47003004
47003005
47005006
47005007
47008019
47008020
48002001
48002002
48002007
48002008
48002009
48004024
48004025
49002014
49002015
49003010
49003011
49006021
49006022
56003005
56003006
58007013
58007014
58009011
58009012
60002007
60002008
64001014
64001015
66012017
66020005
66020006
