40001023
40001024
40001025
40002010
40004002
40005024
40006032
40007014
40009021
40010031
40011014
40012004
40012032
40012049
40013017
40013021
40013030
40013041
40014004
40014005
40020027
40021025
40023036
41002007
41002026
41004017
41004019
41005026
41007019
41007026
41009048
41016011
42001002
42001003
42001009
42001055
42001071
42001073
42002005
42002023
42002026
42002027
42002037
42002042
42005035
42006004
42007005
42007032
42008029
42009002
42009009
42009031
42010024
42011054
42012030
42012036
42012040
42013033
42014002
42015024
42017016
42022004
42022006
42022064
42023015
42023024
42023045
42023051
42023052
42023053
42023054
42024007
42024021
42024023
42024026
42024045
42024046
43001033
43002002
43004008
43013003
43013004
43014017
44001002
44001022
44002033
44003010
44003021
44004035
44005006
44005018
44005023
44005031
44008016
44008028
44010011
44010046
44011003
44011024
44012004
44013039
44015003
44019014
44020008
44021035
45001007
45002013
45002014
45002015
45002029
45003008
45004019
45005015
45006004
45008002
45008021
45008034
45009002
45009003
45009012
45009013
45009024
45010010
45011021
45011031
45015016
45015026
45016004
45016007
45016018
46001015
46001016
46003014
46003015
46004004
46005013
46006003
46006006
46006008
46006010
46007016
46009009
46010026
46011018
46015004
46015049
47001007
47001011
47001016
47003015
47004011
47012004
48002012
48003009
48004002
48004025
49001009
49001020
49002002
49002005
49002016
49002022
49003005
49003018
49005024
49006003
49006007
50001017
50003011
52001006
52005007
52005013
54001002
54003015
54005023
54006014
55001002
55001017
56001002
57001005
58002008
58003009
58005014
58007010
58007014
58009003
58009004
58010006
58011018
58012019
58012020
58012021
58012022
59001008
59001024
59004015
59005006
59005015
60001004
60002003
60002014
60003002
60003004
61001018
61002008
61003006
65001015
66003016
66009018
66013018
66020015
