40001023
40002006
40002018
40003004
40003005
40003006
40004015
40004016
40005003
40005004
40005005
40005006
40005007
40005008
40005009
40005010
40006010
40006011
40006012
40006013
40006014
40006015
40009005
40009006
40009020
40009021
40011011
40011017
40011018
40011019
40011023
40011024
40012018
40012019
40012020
40012021
40013014
40013015
40015008
40015009
40018012
40018013
40021005
40021010
40021017
40021043
40022044
40022045
40022046
40024030
40024031
40027052
40027053
41001003
41001043
41001044
41002009
41002010
41003017
41003018
41003019
41003024
41003025
41003031
41003032
41005007
41005008
41006005
41006006
41006014
41006015
41006016
41006017
41006018
41006019
41006020
41006021
41006022
41006023
41006024
41006025
41006026
41006027
41006028
41006029
41006045
41006046
41006049
41006050
41007007
41007025
41007026
41009043
41009045
41009047
41009048
41011010
41012011
41013025
41013026
41013027
41015027
42001031
42001032
42001033
42001047
42001048
42001049
42001050
42001051
42001052
42001053
42001054
42001055
42001068
42001069
42001070
42001071
42001072
42001073
42001074
42001075
42001076
42001077
42001078
42001079
42002014
42002029
42002030
42002031
42002032
42003005
42003006
42004011
42004018
42004019
42005023
42005024
42006015
42006016
42006021
42006022
42006023
42006024
42006025
42006026
42008028
42008029
42011003
42011004
42020018
42020044
43001032
43001033
43004006
43004007
43004008
43006003
43006004
43011001
43011002
43012014
43012015
43012039
43012040
43012041
43017002
43017003
43017004
43017005
43017006
43017007
43017008
43017009
43017010
43017011
43017012
43017013
43017014
43017015
43017016
43017017
43017018
43017019
43017020
43017021
43017022
43017023
43017024
43017025
43017026
43019020
43019021
43021003
44001014
44001021
44001022
44002017
44002018
44002019
44002020
44002021
44002026
44002027
44002028
44002035
44004012
44004026
44004027
44004028
44004029
44004030
44006006
44007043
44007049
44007050
44008033
44013034
44013035
44013036
44013037
44013038
44013039
44013040
44013041
44015016
44015017
44015018
44015021
44017028
44017029
44017030
44017031
44023026
44023027
44023028
44023029
44023030
44028027
45003011
45003012
45003013
45003014
45003015
45003016
45003017
45003018
45004007
45004008
45009011
45009012
45009026
45009028
45009032
45009033
45010019
45010020
45010021
45011009
45011010
45011027
45011033
45011034
45011035
45011036
45012020
45015005
45015006
45015010
45015011
45015012
46002010
46003020
46008006
46014022
46015015
46015016
46015055
46015056
46015057
47006017
47006018
47009010
47009011
47009012
47009013
47009014
47009015
48001001
48001002
49004005
49004006
49004009
49004010
50002006
50002007
50002008
50002009
50002010
50002011
51001001
51001002
51001012
51001013
51001015
51001017
51001018
52003001
52003002
54002005
54006016
55001001
55001002
55001009
55001010
55002004
55002005
55002006
55002007
55002012
55002013
56001013
56001014
58001003
58001004
58001006
58001007
58001008
58001010
58001011
58001012
58001013
58002007
58002008
58002009
58002010
58002013
58002014
58002015
58002016
58002017
58002018
58003009
58003010
58003011
58003016
58003017
58003018
58003019
58004004
58004005
58005006
58007001
58007002
58007003
58007009
58007010
58007018
58007019
58007022
58008009
58008010
58008011
58008012
58009021
58009022
58010005
58010006
58010007
58010008
58010009
58010010
58010016
58010017
58010018
58010031
58010037
58010038
58010039
58011017
58011018
58012007
58012008
59001007
59001008
60001025
60002007
60002008
60003011
60003012
60003018
60004019
61001017
61001018
61002015
61002016
62002012
62002013
62002014
64001014
64001015
65001015
65001024
66001005
66001006
66001007
66002002
66002003
66002004
66002005
66002006
66002007
66002009
66002010
66002011
66002013
66002014
66002015
66002016
66002017
66002019
66002020
66002021
66002022
66002023
66002024
66002025
66002026
66002027
66002028
66002029
66003002
66003003
66003004
66003006
66003008
66003009
66003010
66003011
66003012
66003013
66003015
66003016
66003017
66003018
66003019
66003020
66003021
66003022
66004009
66004010
66004011
66005010
66005014
66007015
66007016
66007017
66011018
66012011
66012012
66012017
66013009
66013010
66015004
66016006
66016007
66017006
66018003
66018004
66018005
66018006
66018007
66018008
66018014
66018017
66018022
66018024
66019002
66019003
66019007
66019008
66021004
