40002023
40004013
40007004
40007005
40007014
40009013
40009021
40010003
40010004
40012026
40012049
40012050
40013006
40014004
40014010
40024038
40024039
40026021
40026060
41001002
41003010
41006009
41006018
41006020
41007022
41008009
41009013
41012011
41014024
41014058
41014067
41015025
41015026
41015043
42001002
42001003
42001004
42001010
42002005
42002035
42003024
42003025
42003026
42003027
42003028
42003029
42003030
42003031
42003032
42003033
42003034
42003035
42003036
42003037
42003038
42004002
42004011
42004026
42005035
42006015
42006016
42006018
42006042
42008029
42008052
42008053
42012036
42012053
42013029
42014035
42015006
42017027
42020031
42020032
42020043
42021030
42021035
42021038
42022022
42023051
42024023
42024043
43001007
43001025
43001036
43002025
43003015
43003024
43004002
43004003
43004005
43004007
43004008
43005029
43005038
43005040
43006044
43007023
43007051
43008016
43008053
43010002
43010013
43012040
43014024
43016027
43017003
44001022
44002008
44002010
44002011
44002035
44003008
44003009
44003014
44004037
44005006
44007047
44007048
44008002
44008003
44008028
44010002
44013033
44013039
44014007
44018020
44018021
44022010
44028011
45002002
45002003
45003022
45003026
45003028
45004008
45004010
45004019
45004021
45006004
45008006
45009003
45009011
45009012
45010007
45015019
46003004
46003011
46005013
46007013
46007014
46007027
46011006
46015004
46015016
47001014
47001016
47006007
47007009
47008014
47010004
47010016
47012017
48004025
49003019
49006003
49006007
51004008
52003002
52004012
52005017
52005018
54001002
55004012
58006008
58006020
58007009
58007014
58007021
58009017
58011012
58011018
59001008
59002003
59002025
59003012
61001014
61001018
61002008
62005007
62005008
62005017
66002027
66014010
66014020
66016016
66017008
66018012
66019003
66020008
