40004013
40004016
40005016
40006008
40006015
40006032
40008006
40008009
40009006
40010003
40010004
40011030
40012032
40012040
40012044
40012045
40012047
40013003
40013013
40013032
40013035
40013048
40013054
40014024
40015006
40015014
40015038
40016003
40017023
40017027
40019006
40020012
40020033
40022035
40022039
40023030
40024038
40025003
40025004
40025006
40025008
40025025
40026009
40026021
40026061
40026066
40027042
40027043
40028013
41001013
41001030
41001033
41001037
41001044
41002010
41002011
41002026
41003008
41003015
41003017
41003018
41003019
41003032
41004006
41004012
41004032
41005002
41005004
41005008
41005042
41006003
41006009
41006018
41006023
41006036
41006040
41006044
41006050
41006054
41007007
41007013
41008002
41008009
41009013
41009031
41010007
41011005
41011023
41011027
41011028
41012021
41012022
41012044
41013004
41013016
41013036
41013037
41014005
41014052
41014064
41014067
41015004
41015017
41015030
41015043
41016011
42001002
42001009
42001012
42001040
42001073
42002030
42002031
42002035
42002037
42002042
42002047
42003002
42003020
42003024
42003025
42003026
42003027
42003028
42003029
42003030
42003031
42003032
42003033
42003034
42003035
42003036
42003037
42003038
42004007
42004010
42004011
42004015
42004019
42004026
42005019
42005024
42006015
42006016
42006018
42006048
42007007
42007008
42007021
42007022
42008044
42010009
42011006
42011007
42011030
42011038
42011054
42012036
42012043
42012044
42013021
42013025
42013033
42015004
42016006
42017003
42017008
42017009
42018005
42018017
42019010
42019037
42020035
42020038
42020043
42020044
42021035
42021038
42022042
42022064
42022068
42023018
42023033
42023041
42023051
42023052
42024007
42024023
42024034
43001007
43001012
43001025
43002008
43002025
43003002
43003011
43003024
43003034
43004002
43004006
43004018
43004022
43004023
43004024
43004029
43004041
43004044
43004047
43005033
43005042
43006003
43006004
43006005
43006009
43006019
43006023
43006031
43006049
43006050
43006051
43007022
43007023
43007042
43008031
43009023
43010023
43010035
43010036
43011002
43011013
43011038
43012024
43013002
43013003
43014003
43014013
43014016
43016018
43018005
43019024
43019037
43020004
43020031
44001014
44001022
44001025
44003008
44003022
44004026
44004035
44005027
44007018
44007049
44008010
44008011
44009009
44010006
44010010
44010037
44010041
44010047
44013007
44013020
44013033
44014006
44015027
44015029
44015041
44016021
44017009
44018003
44018026
44019019
44020011
44020012
44021027
44021038
44022013
44022018
44023013
44023024
44025011
44026013
44027008
44027015
45001007
45001012
45002013
45002014
45002015
45003022
45004002
45004005
45006003
45007024
45007025
45008021
45009002
45009003
45009011
45009012
45009013
45009024
45011003
45012005
45013013
45015002
45015016
45016002
45016026
45016027
46005004
46006010
46010004
46011015
46014030
46015056
47001004
47001007
47001014
47001016
47002006
47005014
47011020
47012003
48001002
48002008
48002009
48003009
48003022
48004025
49001017
49003003
49003015
49003019
49004016
49004018
49005016
49005030
49006007
50001017
51001027
52003003
52004002
52004004
53002002
54001004
54001011
54002010
54004010
57001002
57001009
58001006
58003008
58005002
58005003
58005013
58007013
58007014
58009002
58011025
58011038
58013021
58013025
59001008
59001011
59003002
60002003
60003002
61001014
61001018
61001021
61002008
61003002
61003006
61003016
62005007
62005008
64001014
64001015
65001025
66001018
66002025
66007005
66007006
66007007
66007008
66008009
66009018
66011009
66015004
66021019
66021020
66022007
