40009005
40009006
40010035
40010036
40023035
40023036
40027010
41002009
41002010
41005007
41005008
42005023
42005024
42008028
42008029
42011034
42011035
42024047
42024048
43001032
43001033
43010014
43010015
44001016
44001017
44001021
44001022
44004021
44004022
44005005
44005006
44008002
44008003
44013038
44013039
44015024
44015025
44015026
44015027
44015028
44020037
44020038
44023026
44023027
44023028
44023029
44023030
44024006
44024008
45009011
45009012
46005012
46005013
46006009
46006010
46012018
46012019
47012003
47012004
48003026
48003027
48004010
48004011
48004028
48004029
49001015
49001016
52003001
52003002
53002016
53002017
58006004
58006005
58006006
58011017
58011018
58013020
58013021
59001007
59001008
66001004
