02003016
02003017
02003018
02003019
02003020
02003021
02003022
02006014
02006015
02006016
02006017
02006018
02006019
02006020
02006021
02006022
02006023
02006024
02006025
02006026
02006027
02006028
02006029
02006030
02012015
02012016
02012017
02012018
02012019
02012020
02012021
02012022
02012023
02012024
02012025
02012026
02012027
02012028
02012029
02012030
02012031
02012032
02012033
02012034
02012035
02012036
02012037
02012038
02012039
02012040
02012041
02012042
02012043
02012044
02012045
02012046
02012047
02012048
02012049
02012050
02012051
02015012
02015013
02015014
02015015
02015016
02015017
02015018
02015019
02015020
02015021
02015022
02015023
02015024
02015025
02015026
02015027
02016016
02016017
02016018
02016019
02016020
02016021
02016022
02016023
02016024
02016025
02016026
02016027
02016028
02016029
02016030
02016031
02016032
02016033
02016034
02016035
02016036
02032015
02032016
02032017
02032018
02032019
02032020
02032021
02032022
02032023
02032024
02032025
02032026
02032027
02032028
02032029
02032030
02032031
02032032
02032033
02032034
02032035
02034001
02034002
02034003
02034004
02034010
02034011
02034012
02034013
02034014
02034015
02034016
02034017
02034018
02034019
02034020
02034021
02034022
02034023
02034024
02034025
02034026
02034027
02034028
02034029
02034030
02034031
02034032
02034033
02034034
02034035
03016009
03016010
03016011
03016018
03016019
03016024
03016025
03016028
03016030
03016031
03016032
03016033
03019003
03019004
03019005
03019006
03019007
03019008
03019009
03019010
03019011
03019012
03019013
03019014
03019019
03019020
03019021
03019022
03019023
03019024
03019025
03019026
03019027
03019028
03019029
03019030
03019031
03019032
03019033
03019034
03019035
03019036
03019037
04006001
04006002
04006003
04006004
04006005
04006006
04006007
04006008
04006009
04006010
04006011
04006012
04006013
04006014
04006015
04006016
04006017
04006018
04006019
04006020
04006021
04011001
04011002
04011003
04011007
04011008
04011009
04011031
04011032
04011033
04011034
04011035
05004010
05004011
05004012
05004013
05004014
05004015
05004016
05004017
05004018
05004019
05004020
05004021
05004022
05004023
05004024
05004025
05004026
05004027
05004028
05004029
05004030
05004031
05004041
05004042
05004043
05004044
05004045
05004046
05004047
05004048
05004049
05005001
05005002
05005003
05005004
05005005
05005006
05005007
05005008
05005009
05005010
05005011
05005016
05005017
05005018
05005019
05005020
05005021
05005022
05005023
05005024
05005025
05005026
05005027
05005028
05005029
05005030
05005031
05005032
05005033
05006010
05006011
05006012
05006013
05006014
05006015
05006016
05006017
05006018
05006019
05006020
05006021
05006022
05006023
05006024
05006025
05010001
05010002
05010003
05010004
05010005
05010006
05010007
05010008
05010009
05010010
05010011
05011001
05011002
05011003
05011004
05011005
05011006
05011007
05011008
05011009
05011010
05011011
05011012
05011013
05011014
05011015
05011016
05011017
05011022
05011023
05011024
05011025
05011029
05011030
05011031
05011032
05018001
05018002
05018003
05018004
05018005
05018006
05018007
05018008
05026001
05026002
05026003
05026004
05026012
05026013
05026014
05026015
05026016
05026017
05026018
05026019
05032001
05032002
05032003
05032004
05032005
05032006
05032007
05032008
05032009
05032010
05032011
05032012
05032013
05032014
05032015
05032016
05032017
05032018
05032019
05032020
05032021
05032022
05032023
05032024
05032025
05032026
05032027
05032028
05032029
05032030
05032031
05032032
05032033
05032034
05032035
05032040
05032041
05032042
05032043
05032044
05032045
05032046
05032047
05032048
05032049
05032050
05032051
05032052
06024003
06024004
06024005
06024006
06024007
06024008
06024009
06024010
06024011
06024012
06024013
06024025
06024026
06024027
06024028
06024029
06024030
06024031
06024032
06024033
09003011
09003012
09003013
09003014
09003015
09003016
09003017
09003018
09003019
09003020
09003021
10011001
10011002
10011003
10011004
10011005
10011006
10011007
10011008
10011009
10011010
10011011
10011012
10011013
10011014
10011015
10011016
10011017
10011018
10011019
10011020
10011021
10011022
10011023
10011024
10011025
10012016
10012017
10012018
10012019
10012020
10012021
10012022
10012023
10012024
10012025
10012026
10012027
10012028
10012029
10012030
10012031
11003016
11003017
11003018
11003019
11003020
11003021
11003022
11003023
11003024
11003025
11003026
11003027
11003028
11008001
11008002
11008003
11008004
11008005
11008006
11008007
11008008
11008009
11008010
11008011
11008012
11008013
11008014
11008015
11008016
11008017
11008018
11008019
11008020
11008021
11008044
11008045
11008046
11008047
11008048
11008049
11008050
11008051
11008052
11008053
11008054
11008055
11008056
11008057
11008058
11008059
11008060
11008061
11008062
11008063
11008064
11008065
11008066
11017001
11017002
11017003
11017004
11017005
11017006
12002013
12002014
12002015
12002016
12002017
12002018
12002019
12002020
12002021
12002022
12002023
12002024
12002025
13029001
13029002
13029003
13029004
13029005
13029006
13029007
13029008
13029009
13029019
13029020
13029021
13029022
13029023
13029024
13029025
13029026
13029027
13029028
13029029
13029030
18038012
18038013
18038014
18038015
18038016
18038017
18038018
18038019
18038020
18038021
18038022
18038023
18038024
18038025
18038026
18038027
18038028
18038029
18038030
18038031
18038032
18038033
18038034
18038035
18038036
18038037
18038038
18038039
18038040
18038041
20008001
20008002
20008003
20008004
20008005
20008006
20008007
20008008
20008009
20008010
20008011
20008012
20008013
20008014
20008015
20008016
20008017
20008018
20008019
20008020
20008021
20008032
20008033
20008034
20008035
20008036
20009013
20009014
20009015
20009016
20009017
20009018
20025001
20025002
20025003
20025004
20025005
20025008
20025009
20025010
20025011
20025012
20025013
20025014
20025015
20025016
20025017
20025018
20025019
20025020
20025021
20025022
20025023
20025024
20025025
20025026
20025027
20025028
21002001
21002002
21002003
21002004
21002005
21002006
21002007
21002008
21002009
21002010
21002011
21002012
21002013
21002014
21002015
21002016
21002017
23002006
23002007
23002008
23002009
23002010
23002011
23002012
23002013
23002014
23002015
23002016
23002017
23002018
23002019
23002020
23002021
23002022
23005008
23005009
23005010
23005011
23005012
23005013
23005014
23005015
23005016
23005017
23005018
23005019
23005020
23005021
23005022
23005023
23005024
23005025
23005026
23005027
23005028
23005029
23005030
23007001
23007002
23007003
23007004
23007005
23007006
23007007
23007008
23007009
23007018
23007019
23007020
23007021
23007022
23007023
23007024
23007025
23009008
23009009
23009010
23009011
23009012
23009013
23009014
23009015
23009016
23009017
23009018
23009019
23009020
23009021
23011011
23011012
23011013
23011014
23011015
23011016
23025001
23025002
23025003
23025004
23025005
23025010
23025011
23025012
23040012
23040013
23040014
23040015
23040016
23040017
23040018
23040019
23040020
23040021
23040022
23040023
23040024
23040025
23040026
23040027
23040028
23040029
23040030
23040031
23042022
23042023
23042024
23042025
23043001
23043002
23043003
23043004
23043005
23043006
23043007
23043008
23043009
23043010
23043011
23043012
23043013
23043014
23043015
23043022
23043023
23043024
23043025
23043026
23043027
23043028
23044001
23044002
23044003
23044004
23044005
23044009
23044010
23044011
23044012
23044013
23044014
23044015
23044016
23044017
23044018
23044019
23044020
23044021
23044022
23044023
23044024
23044025
23044026
23044027
23044028
23045008
23045009
23045010
23045011
23045012
23045013
23045014
23045015
23045016
23045017
23045018
23045019
23049019
23049020
23049021
23049022
23049023
23049024
23049025
23049026
23050001
23050002
23050003
23055012
23055013
23056009
23056010
23056011
23056012
23057001
23057002
23057003
23057004
23057005
23057006
23057007
23057008
23057009
23057010
23057011
23057012
23057013
23057014
23058010
23058011
23058012
23058013
23058014
23060007
23060008
23060009
23060010
23060011
23060012
23060013
23060014
23060015
23060016
23060017
23060018
23060019
23060020
23060021
23060022
23063001
23063002
23063003
23063004
23063005
23063006
23063011
23063012
23063013
23063014
23063015
23063016
23063017
23063018
23063019
23066001
23066002
23066003
23066004
23066005
23066006
23066007
23066008
23066009
24001001
24001002
24001003
24001011
24001012
24001013
24001014
24001015
24001016
24001017
24001018
24001019
24007016
24007017
24007018
24007019
24007020
24007021
24007022
24007023
24007024
24007025
24007026
24007027
24007028
24007029
24007030
24007031
24007032
24007033
24007034
24011001
24011002
24011003
24011004
24011005
24011006
24011007
24011008
24011009
24011010
24011011
24011012
24011013
24011014
24011015
24011016
24011017
24011021
24011022
24011023
24015001
24015002
24015003
24015004
24015005
24015006
24015007
24015008
24015009
24015010
24015011
24015012
24015013
24015014
24017001
24017002
24017003
24017004
24017009
24017010
24017011
24017012
24017013
24017014
24017015
24017016
24017017
24017018
24017019
24017020
24017021
24017022
24017023
24017024
24017025
24017026
24017027
24020001
24020002
24020003
24020004
24020005
24020006
24020014
24020015
24020016
24020017
24020018
24023007
24023008
24023009
24023010
24023011
24023012
24023013
24023014
24023015
24023016
24023017
24023018
24023019
24023020
24023021
24023022
24023030
24023031
24023032
24023033
24023034
24023035
24023036
24023037
24023038
24023039
24023040
24026017
24026018
24026019
24026020
24026021
24026022
24026023
24026024
24028010
24028011
24028012
24028013
24028014
24028015
24028016
24028017
24031001
24031002
24031003
24031004
24031005
24031006
24031014
24031015
24031016
24031017
24031018
24031019
24031020
24031021
24031022
24031023
24031024
24031025
24031026
24031027
24031028
24031029
24031030
24031035
24031036
24031037
24031038
24031039
24031040
24033001
24033002
24033003
24033004
24033005
24033006
24033007
24033008
24033009
24033010
24033011
24033012
24033013
24033017
24033018
24033019
24033020
24033021
24033022
24033023
24033024
24033025
24033026
25003001
25003002
25003003
25003004
25003005
25003006
25003007
25003008
25003009
25003010
25003011
25003012
25003013
25003014
25003015
25003016
25003017
25003018
25003019
25003020
25003021
25003034
25003035
25003036
25003037
25003038
25003039
25003040
25003041
25003042
25003043
25003044
25003045
25003046
25003047
25003048
25003049
25003050
25003051
25003052
25003053
25003054
25003055
25003056
25003057
25003058
25003059
25003060
25003061
25003062
25003063
25003064
25003065
25003066
26002006
26002007
26002008
26002009
26002010
26017001
26017002
26017003
26017004
26017005
26017006
26017007
26017008
26017009
26017010
26017011
26017012
26017013
26017014
26017015
26017016
26017017
26017018
26017019
26017020
26017021
26018005
26018006
26018007
26018008
26018009
26018010
26018011
26018012
26018013
26018014
26018015
26018016
26018017
26018018
26033001
26033002
26033003
26033004
26033005
26033006
26033010
26033011
26033012
26033013
26033014
26033015
26033016
26033017
26033018
26033019
26033020
26033021
26033022
26033023
26033024
26033025
26033026
26033027
26033028
26033029
26033030
26033031
26033032
26033033
26034001
26034002
26034003
26034004
26034005
26034006
26034007
26034008
26034009
26034010
26034017
26034018
26034019
26034020
26034021
26034022
26034025
26034026
26034027
26034028
26034029
26034030
26034031
26037015
26037016
26037017
26037018
26037019
26037020
26037021
26037022
26037023
26037024
26037025
26037026
26037027
26037028
27007001
27007002
27007003
27007004
27007005
27007006
27007007
27007008
27007009
27007010
27007011
27007012
27007015
27007016
27007017
27007018
27007019
27007020
27007021
27007022
27007023
27007024
27007025
27007026
27007027
27007028
27012004
27012005
27012006
27012007
27012008
27012009
27012010
27012011
27012012
27012013
28005001
28005002
28005003
28005004
28005005
28005006
28005007
28005008
28005009
28005010
28005011
28005012
28005013
28005014
28006007
28006008
28006009
28006010
28006011
28011005
28011006
28011007
28011010
28011011
28011012
29002001
29002002
29002003
29002004
29002005
29002006
29002007
29002008
29002009
29002010
29002011
29002020
29002021
29002022
29002023
29002024
29002025
29002026
29002027
30003009
30003010
30003011
30003012
30003013
30003014
30003015
30005001
30005002
30005003
30005004
30005005
30006008
30006009
30006010
30006011
30006012
30006013
30006014
30007001
30007002
30007003
30007004
30007005
30007006
30007007
30007008
30007009
30008001
30008002
30008003
30008008
30008009
30008010
30008011
30008012
30008013
30008014
33005001
33005006
33005007
33005008
33005009
33005010
33005011
33005012
33005013
33005014
33005015
33006009
33006010
33006011
33006012
33006013
33006014
33006015
33006016
35001004
35001005
35001006
35001007
35001008
35001009
35001010
35001011
35001012
35001013
35001014
35001015
35001016
35001017
35002005
35002006
35002007
35002008
35002009
35002010
35002011
35002012
35002013
35002014
35002015
35002016
35002017
35002018
35002019
35002020
36003001
36003002
36003003
36003004
36003005
36003006
36003007
36003008
36003009
36003010
36003011
36003012
36003013
36003019
36003020
38009001
38009002
38009003
38009004
38009005
38009006
38009007
38009008
38009013
38009014
38009015
38009016
38009017
38012001
38012002
38012003
38012004
38012005
38012006
38012011
38012012
38012013
38012014
39002011
39002012
39002013
39002014
39002015
39002016
39002017
39003006
39003007
39003008
39003009
39003010
39003011
39003012
39003013
39003014
39003015
39003016
39003017
39003018
