40004011
40005012
40007013
40007014
40007016
40007017
40011018
40011019
40012008
40012025
40012026
40012033
40012034
40015005
40015006
40021017
40022045
40022046
40024015
40024016
40026032
40027036
40027037
40028008
40028009
41001043
41001044
41007008
41010029
41010030
42003001
42003002
42003019
42003020
42004025
42004026
42007004
42007005
42012035
42012036
42012042
42012043
42018029
42018030
43001001
43001002
43001003
43008052
43008053
43010014
43010015
43010035
43010036
43012039
43012041
43019037
44002010
44002011
44003026
44004036
44004037
44013034
44013035
44014018
44015024
44015028
44015029
44019013
44019014
44020011
44020012
44023026
44023027
44023028
44023029
44023030
45004004
45004005
45007021
45007022
45008012
45008013
45008038
45008039
45009002
45009003
45009011
45009012
45009029
45010012
45010013
45010017
45010020
45011009
45011017
45011018
45013012
45013013
45014012
45015004
45015005
45015006
45015010
45015011
45015012
46001001
46001002
46002010
46005012
46005013
46010001
46010002
46014033
46014034
46015056
46015057
47001015
47001016
47006017
47009007
47009008
47009009
47009010
47009011
47009012
47009013
47009014
47009015
48001001
48001002
48003012
49001015
49001016
49002011
49002012
49004009
50001021
50001022
50002001
50002002
50002007
50002008
50002029
50002030
51003001
51003002
51003006
51003007
53001001
53001002
53002016
53002017
54006003
54006004
54006013
54006014
55004001
55004002
57001019
57001020
58001014
58002009
58002013
58003007
58003008
58003011
58004004
58004005
58005006
58006004
58006005
58006006
58007009
58007010
58008006
58009021
58009022
58010018
58012007
58012008
58012009
58013006
58013020
58013021
59002002
59002003
59002009
59002010
59002011
59002012
59002013
59004006
59004007
59004008
59004009
59004010
60002008
60003013
60004019
60005006
60005007
62001001
62001002
66004009
66004010
66014009
66014010
