40006014
40006015
40011011
40011012
40011013
40011014
40011015
40011018
40011019
40013014
40013016
40013017
40022045
40022046
40026032
41001004
41001005
41001006
41001007
41001008
41007008
41009049
41012037
41014028
42007028
42007033
42007034
42007035
42020018
42020044
42023031
43012014
43012041
43016001
43016002
43016003
43016004
43017002
43017003
43017004
43017005
43017006
43017007
43017008
43017009
43017010
43017011
43017012
43017013
43017014
43017015
43017016
43017017
43017018
43017019
43017020
43017021
43017022
43017023
43017024
43017025
43017026
43019001
43019002
43019003
44001021
44001022
44004012
44004027
44004028
44004029
44004030
44008001
44013034
44013035
44015024
44015025
44015026
44015027
44015028
44015029
44023027
44023028
44023029
44023030
45003001
45003002
45003003
45003004
45008037
45008038
45008039
45009016
45009017
45009018
45009026
45010019
45010020
45010021
45011009
45012021
45014012
45015001
45015002
45015003
45015004
45015010
45015011
45015012
45016003
45016004
45016005
45016006
45016007
45016008
45016009
45016010
45016011
45016012
45016013
45016014
45016015
45016016
46002010
46015033
46015034
46015056
46015057
47009010
47009011
47013001
47013002
47013003
47013004
48004001
48004002
48004003
48004004
48004005
48004006
48004007
48005001
48005002
48005003
48005004
48005005
48005006
49004009
49004010
49004011
49004012
49004013
51002001
51002002
51002003
51002004
51002005
51004001
58001006
58001007
58001008
58001010
58001013
58001014
58002009
58002013
58004004
58004005
58004008
58004009
58004010
58004011
58005006
58007022
58010008
58010009
58010010
58010017
58010018
58010039
58013006
60002007
60002008
60002023
60002024
60002025
60005006
60005007
66002002
66002003
66002004
66002005
66002006
66002007
66002009
66002010
66002011
66002013
66002014
66002015
66002016
66002017
66002019
66002020
66002021
66002022
66002023
66002024
66002025
66002026
66002028
66002029
66003002
66003003
66003004
66003005
66003006
66003008
66003009
66003010
66003011
66003012
66003013
66003015
66003016
66003017
66003018
66003019
66003020
66003021
66003022
66004009
66004010
66005014
66007011
66007012
66011016
66011017
66016007
66017006
66019003
