01001015
01001025
01002002
01007018
01011002
01011009
01014009
01015003
01017013
01021021
01024065
01030039
01031018
01032023
01036030
01036041
01036042
01036043
01037006
01037007
01037008
01042018
02022003
02022004
02028034
02029030
02030025
02031017
03006005
03011025
03011026
03011027
03011028
03013050
03014055
03014056
03014057
03015022
03015023
03018027
03018028
03024011
03024016
03026035
03026041
04001018
04001021
04001023
04001025
04001027
04001029
04001031
04001033
04001034
04001035
04001037
04001039
04001041
04001043
04003047
04004035
04004036
04004037
04004038
04004039
04004040
04004041
04004042
04004043
04004044
04004045
04004046
04004047
04004048
04005014
04007013
04007014
04007015
04007016
04007017
04007018
04007019
04007020
04007021
04007022
04007023
04007024
04007025
04007026
04007027
04007028
04007029
04007030
04007031
04007032
04007033
04007034
04007035
04007036
04007037
04007038
04007039
04007040
04007041
04007042
04007043
04007044
04007045
04007046
04007047
04007048
04007049
04007050
04007051
04007052
04007053
04007054
04007055
04007056
04007057
04007058
04007059
04007060
04007061
04007062
04007063
04007064
04007065
04007066
04007067
04007068
04007069
04007070
04007071
04007072
04007073
04007074
04007075
04007076
04007077
04007078
04007079
04007080
04007081
04007082
04007083
04011009
04013006
04013007
04013008
04013009
04013010
04013011
04013012
04013013
04013014
04013015
04014037
04016002
04016007
04025013
04026055
04026056
04029014
04029015
04029016
04029017
04029018
04029019
04029020
04029021
04029022
04029023
04029024
04029025
04029026
04029027
04029028
04029029
04029030
04029031
04029032
04029033
04029034
04031023
04031043
04032004
04033013
04033014
04033015
04033016
04033017
04033018
04033019
04033020
04033021
04033022
04033023
04033024
04033025
04033026
04033027
04033028
04033029
04033030
04033031
04033032
04033033
04033034
04033035
04033036
04033042
04033043
04033044
04033046
04033047
04034015
04035017
04035018
04036011
05001021
05004045
05019009
05025014
05027006
05030010
05031011
06004011
06004012
06004013
06008035
06010042
06017006
06019050
06019051
06021002
06021042
06022007
06022008
06022009
06023016
07001005
07001023
07001032
07013016
07020023
07020024
07020028
07021011
09004015
09006015
09020038
10003010
10009006
10013038
10019002
10019003
10019004
10023014
11005014
11008042
11009016
11009017
11009018
11009019
11009020
11009021
11009022
11009023
11009024
11010002
11010005
11010020
11015007
11020003
11020017
12012006
12017041
12025021
13002037
13002038
13002039
13002040
13002041
13002045
13002049
13003011
13003012
13003013
13003014
13004004
13004018
13004026
13004035
13004036
13004037
13004038
13005002
13005003
13005005
13005006
13006021
13006023
13006024
13006026
13006027
13006030
13006032
13006051
13006052
13006053
13006055
13006056
13006057
13006058
13006059
13006060
13006069
13006073
13006075
13006079
13006081
13007021
13007026
13007027
13008007
13008015
13008016
13008018
13008020
13008021
13008023
13008024
13008025
13008027
13009005
13009006
13009008
13009009
13009011
13009012
13009013
13012011
13012012
13012013
13012014
13015018
13015019
13015020
13015021
13015024
13016013
13022010
13022016
13024008
13024009
13024010
13024011
13024012
13024013
13024014
13024015
13024016
13024017
13024018
13024029
13025010
13025011
13025012
13025013
13025014
13025015
13025016
13025017
13025018
13025019
13025020
13025021
13025022
13025023
13025024
13025025
13025026
13025027
13025028
13025029
13025030
13025031
13026005
13027003
13029027
14003012
14003013
14006030
14008008
14022004
14028006
14030019
14034013
15002002
15002060
15002062
15007009
15008003
15010016
16007007
16011004
16011011
16011012
16011013
16011014
16011016
16011017
16012013
16012014
16012015
16012016
16012017
16012018
16012019
16012020
16012021
17007009
17009017
18003002
18007010
18020021
18038040
19010018
19017004
19049010
19059016
19062012
19062013
19069036
19069037
19105006
19124005
19132002
19140010
20001021
20007009
20023016
21001002
21001017
21004015
21007028
23008008
23022010
23029006
23033023
23054003
24005014
24009026
24021002
24021012
24022011
24023029
24027020
24029025
24029026
24029027
24029028
24029029
24029030
24029031
24029032
24034019
24039006
24045003
24051035
24052027
26001002
26001003
26010008
26020036
26032025
26040009
26040030
26041009
26041010
26041011
26048002
26048003
26048004
26048005
26048006
26048007
26048022
26048024
26048025
26048026
26048027
26048031
26048032
26048033
26048034
27001020
27005003
27010021
30005009
32001011
33004007
35003018
37001003
37001015
38001003
38002007
38002009
38012013
38012014
40007020
40010031
40014004
41001002
41005008
41006018
41006019
41009043
41009045
41009047
41009048
42001002
42008029
42011006
42023018
42023051
43004008
43010015
43012011
43013003
43013004
44001022
44013033
45008006
45009012
45009013
45015023
46005013
50001016
50001017
60002003
62005008
65001025
66008011
