40007020
40010006
40010031
40013005
40013006
40013007
40013008
40014004
40016010
40022038
40027037
40027038
41001044
41003017
41003018
41003019
41004005
41004006
41004007
41004008
41005028
41011030
41014024
42001002
42002023
42002024
42003002
42003005
42006015
42006016
42008006
42008007
42008008
42008029
42023051
43001033
44001017
44001022
44008028
44013005
44018010
44024008
44028026
44028027
44028028
46005013
47001014
47012004
48001002
49001016
49002005
54001002
55001002
56001002
56001003
56001004
58006005
58006006
58011018
59001008
61001014
61001018
62005017
65001025
66002028
