40002009
40002010
40012003
40012004
40014003
40014004
40023008
40023009
40023010
40027009
40027010
40027060
40027061
41002025
41002026
41006017
41006018
41006019
41006020
41007001
41007002
41007003
41007004
41007005
41015042
41015043
41016003
41016004
42001054
42001055
42002004
42002005
42002022
42002023
42002024
42009030
42009031
42016020
42016021
42017015
42017016
42018004
42018005
42023050
42023051
42023054
42023055
42023056
43001032
43001033
43010014
43010015
43011001
43011002
43012039
43012040
44013032
44013033
44013038
44013039
44014006
44014007
44018019
44018020
44018021
44028003
44028004
44028005
44028026
44028027
45001003
45001004
45009011
45009012
46005012
46005013
46015051
46015052
47001013
47001014
47008013
47008014
48001001
48001002
48004004
48004005
58011017
58011018
59001007
59001008
61001013
61001014
61003011
61003012
65001024
65001025
