40002010
40010010
40010036
40012032
40014004
40023030
40024005
40024027
41001005
41001006
41002026
41003008
41005008
41006018
41006019
41006020
41015043
42001055
42008029
42023051
43003002
43004002
43004003
43004008
43004024
43006023
43007023
43010015
43012011
44001017
44001022
44008002
44008028
44013039
44019014
45009012
46003011
46004004
46005004
46005013
47001014
47002016
47004011
47008014
47011017
47012004
48001002
48002012
48002013
48004018
49003005
50001016
50001017
53002017
54001004
54004009
57001009
58011018
59001008
59001010
59002003
59003006
62002013
62002014
66001005
66016016
