40010003
40012016
40013003
40013050
40014003
40021002
40022032
40022039
40024016
41005003
41006018
41007012
42001004
42006016
42011007
42018030
42021035
42022069
43001025
43005029
43010015
43010035
44001022
44004035
44020027
45009012
46002011
46005005
46005013
46008011
46010011
46015027
47008014
48002020
48002021
49001008
49002005
49005010
49005030
51001004
51002003
52002011
52005017
54006004
55004002
56001002
56002010
56003005
58006002
58007021
58010003
58011018
58012006
58012029
60001012
60002014
66001005
66001006
66002004
66002005
66013010
