40001022
40001023
40002017
40002018
40004014
40004015
40011002
40011003
40011011
40011012
40011013
40011014
40011015
40012017
40012018
40020011
40020012
40021004
40021005
40021006
40021007
40021017
40021043
40022031
40022032
40022035
40022036
40022043
40022044
40022045
40026067
40026068
40027009
40027010
40027039
40027040
41001004
41001005
41001006
41001007
41001008
41001043
41001044
41003014
41003015
41007008
41007018
41007019
41009047
41009048
41012037
42001001
42001002
42001024
42001025
42001074
42001075
42002004
42002005
42002022
42002023
42002024
42004001
42004002
42007028
42011050
42011051
42014029
42014030
42019037
42019038
42019043
42019044
42020018
42020042
42020043
42020044
42022029
42022030
43010014
43010015
44001021
44001022
44001024
44001025
44007039
44007040
44008006
44008007
44008018
44008019
44015025
44015026
45001002
45001003
45001009
45001010
45002013
45002014
45002015
45002016
45002019
45002020
45003029
45003030
45004016
45004017
45006017
45006018
45008037
45008038
45008039
45009022
45009023
45009027
45009028
45010019
45010020
45010021
45011013
45011014
45015005
45015006
45015008
45015009
45015010
45015011
45015012
45015015
45015016
45015018
45015019
45015030
45015031
45016001
45016002
45016003
45016004
45016025
45016026
46002004
46002005
46002010
46002011
46002012
46002013
46002014
46002015
46002016
46007029
46007030
46007031
46010032
46010033
46012024
46012025
46015051
46015052
47001013
47001014
47006017
47008003
47008004
47009010
47009011
47013002
47013003
48004004
48004005
49001005
49001006
49001009
49001010
49001016
49001017
49001019
49001020
49001021
49002014
49002015
49003008
49003009
49003010
49003011
49003014
49003015
49003016
49003017
49003018
49003019
49004001
49004002
49004003
49004011
49004012
49004013
49005008
49005009
49005010
49006005
49006006
49006007
49006008
50001003
50001004
50001005
50001010
50001011
50001027
50001028
50002009
50002010
50002011
50002014
50002015
50002016
51001003
51001004
51001005
51001006
51001007
51001010
51001011
51001012
51001019
51001020
51001021
51001022
51002002
51002003
51002006
51002007
51003023
51003024
52001002
52001003
52001009
52001010
52002011
52002012
52003009
52003010
52004004
52004005
52005012
52005013
53001006
53001007
53001008
53001009
53001010
53003001
53003002
54001010
54001011
54001012
54001013
54004001
54004002
54005009
54005010
55001003
55001004
55003014
55003015
56001001
56001002
56001013
56001014
56002003
56002004
56002005
56002007
56002008
56002009
56002010
56002012
56002013
56003001
56003002
57001004
57001005
58001006
58002013
58002014
58002015
58004006
58004007
58006001
58006002
58007015
58007016
58007018
58007019
58007020
58007021
58007022
58008001
58008002
58009019
58009020
58010015
58010016
58010018
58010019
58010020
58012001
58012002
58012007
58012008
58012018
58012019
59001002
59001003
59001007
59001008
60001001
60001002
60001010
60001011
60001018
60001019
60002007
60002009
60002010
61003011
61003012
62003019
62003020
63001001
63001002
65001014
65001015
66001004
66001005
66002002
66002003
66002004
66002005
66002006
66002007
66002009
66002010
66002011
66002013
66002014
66002015
66002016
66002017
66002019
66002020
66002021
66002022
66002023
66002024
66002025
66002026
66002027
66002028
66002029
66003002
66003003
66003004
66003005
66003006
66003008
66003009
66003010
66003011
66003012
66003013
66003015
66003016
66003017
66003018
66003019
66003020
66003021
66003022
66004010
66004011
66005009
66005010
66005014
66007011
66018009
66018010
66018015
66018016
66018017
66019017
66019018
66021010
66021011
