40001002
40001003
40001004
40001005
40001006
40001007
40001008
40001009
40001010
40001011
40001012
40001013
40001014
40001015
40001016
40010030
40010031
40024015
40024016
40027057
40027058
41006049
41006050
41007012
41007013
41007015
41007025
41007026
41009012
41009013
41013018
41013019
41016017
41016018
42001039
42001040
42001069
42001070
42003001
42003002
42023050
42023051
43004007
43004008
43010014
43010015
43012010
43012011
43014016
43014017
44001001
44001002
44001015
44001016
44001021
44001022
44001024
44001025
44002026
44002027
44010034
44010035
44013032
44013033
44013034
44015017
44015018
44015024
44015025
44015026
44015027
44015028
44015029
44017002
44017003
44023023
44023024
44024018
44024019
45001001
45001002
45001003
45001004
45001005
45001006
45001007
45001009
45001010
45009003
45009004
45009011
45009012
45009026
45010006
45010007
45010020
45010021
45011009
45012020
45012021
45014012
45015001
45015002
45015003
45015004
45015005
45015006
45015010
45015011
45015012
45015022
45015023
45015024
45015025
45015026
45015027
45015028
45015029
46005012
46005013
47001013
47001014
47008010
47008011
47012003
47012004
48001015
48001016
49005013
49005014
52002011
52002012
52003001
52003002
53002001
53002002
53002016
53002017
54001001
54001002
54001018
54001019
54005017
54005018
58001010
58002009
58002013
58004004
58004005
58004008
58004009
58004010
58004011
58006004
58006005
58006006
58007022
58009016
58009017
58010008
58010009
58010010
58010017
58011017
58011018
58013010
58013011
58013020
58013021
59002002
59002003
60002007
60002008
60003019
60003020
60005006
60005007
61001017
61001018
65001003
65001004
65001024
65001025
66001004
66001005
66002002
66002003
66002004
66002005
66002006
66002007
66002009
66002010
66002011
66002013
66002014
66002015
66002016
66002017
66002019
66002020
66002021
66002022
66002023
66002024
66002025
66002026
66002027
66002028
66002029
66003002
66003003
66003004
66003005
66003006
66003008
66003009
66003010
66003011
66003012
66003013
66003015
66003016
66003017
66003018
66003019
66003020
66003021
66003022
66005009
66005010
66007011
66007012
66011016
66011017
66019017
66019018
66020002
66020003
