19005001
19006001
19007001
19008001
19009001
19012001
19013001
19018001
19019001
19020001
19021001
19022001
19030001
19031001
19034001
19038001
19039001
19040001
19041001
19042001
19044001
19046001
19047001
19048001
19049001
19051001
19052001
19053001
19054001
19054002
19055001
19056001
19057001
19058001
19059001
19060001
19061001
19062001
19063001
19064001
19065001
19067001
19068001
19069001
19070001
19075001
19076001
19080001
19081001
19083001
19084001
19085001
19088001
19089001
19092001
19102001
19108001
19140001
19142001
