40002009
40002010
40007028
40007029
40010002
40010003
40010004
41002025
41002026
41003016
41003017
41003018
41003019
41005007
41005008
41006008
41006009
41006017
41006018
41006019
41006020
41006049
41006050
41006053
41006054
41007008
41007009
41007020
41007021
41007022
41007025
41007026
41013035
41013036
42002036
42002037
42012035
42012036
42023050
42023051
43001032
43001033
43003023
43003024
43004007
43004008
43009013
43009014
44001021
44001022
44003007
44003008
44003009
44003010
44004034
44004035
44004036
44004037
44007057
44007058
44008001
44008002
44008003
44011023
44011024
44018019
44018020
44018021
44019013
44019014
44023012
44023013
44026012
44026013
45001003
45001004
45002028
45002029
45008038
45008039
45009002
45009003
45009011
45009012
45015025
45015026
46005003
46005004
46005012
46005013
47001013
47001014
47012003
47012004
48001015
48001016
49001004
49001005
49001009
49001010
49002008
49002009
52003001
52003002
54001001
54001002
54003014
54003015
54005001
54005002
55001001
55001002
58011017
58011018
59001007
59001008
59001010
59001011
59002002
59002003
59002004
60003019
60003020
66002014
66002015
66002026
66002027
66020012
66020013
66020014
66020015
66021012
66021013
