40004013
40005024
40006018
40010031
40011003
40025027
41001044
41003008
41005008
41007022
41010030
41011002
41014056
41014058
41015043
42001074
42002023
42002024
42002026
42003002
42003020
42003022
42003025
42003026
42003027
42003028
42003029
42003030
42003031
42003032
42003033
42003034
42003035
42003036
42003037
42003038
42004011
42004019
42004034
42006015
42006016
42006048
42011054
42012036
42014026
42015006
42016021
42018005
42018030
42018041
42019002
42019023
42019042
42020004
42020028
42020030
42020043
42020046
42022002
42022008
42022011
42022064
42023024
42023051
42024023
43001044
44001022
44001025
44002035
44004035
44013033
44018028
44023035
45009012
46005013
46006010
46009004
46015052
47001011
48001014
48002004
48002005
48004002
48004005
48005020
48005021
48005023
49006003
49006022
51002021
52002004
52003002
52003008
52004002
53002002
53002004
53002005
53002006
53002007
53002008
53002009
53002010
53002011
53002012
53002017
54001010
54006004
54006014
55004010
56003005
57001005
58007019
58012023
58012024
59001011
59001020
59002016
65001015
66014010
66020013
66021020
