40002009
40002010
40002017
40002018
40003001
40003002
40011011
40011012
40011013
40011014
40011015
40021004
40021005
40022031
40022032
40022035
40022036
40022037
40022038
40022041
40022042
40027009
40027010
40027039
40027040
41001014
41001015
41001043
41001044
41003007
41003008
41003014
41003015
41004014
41004015
41005006
41005007
41005027
41005028
41007018
41007019
41014035
41014036
41014057
41014058
41015042
41015043
41016003
41016004
42001073
42001074
42001075
42002004
42002005
42002030
42002031
42002032
42009056
42011005
42011006
42011050
42011051
42013010
42013011
42017033
42017034
42017035
42019011
42019012
42019045
42019046
42020039
42020040
42020042
42020043
42020044
42021034
42021035
42022069
42023050
42023051
42024043
43003014
43003015
43004043
43004044
43005041
43005042
43006049
43006050
43006051
43010014
43010015
43011019
43011036
43011037
43011051
43011052
43012004
43012005
43012010
43012011
43012014
43012015
43012017
43012018
43012039
43012040
43019025
43019026
44001001
44001002
44001021
44001022
44001024
44001025
44002032
44002033
44002034
44002035
44002036
44004012
44004034
44004035
44008018
44008019
44008027
44008028
44013032
44013033
44013034
44013035
44013036
44013037
44013038
44013039
44013040
44013041
44015016
44015017
44015024
44015025
44015026
44015027
44015028
44015029
44017027
44017028
44017029
44017030
44017031
44026022
44026023
45001009
45001010
45002019
45002020
45003025
45003026
45008037
45008038
45008039
45009002
45009003
45009011
45009012
45009027
45009028
45009029
45010019
45010021
45011028
45011029
45011030
45011031
45011032
45011036
45014012
45015008
45015009
45015010
45015012
45015013
45015018
45015019
45015025
45015026
46001020
46005003
46005004
46005012
46005013
46010006
46010007
46014022
46015051
46015052
46016009
46016015
46016016
47001010
47001011
47008003
47008004
47008013
47008014
47009010
47009011
47009012
47009013
47009014
47009015
47012003
47012004
48001001
48001002
48001015
48001016
48002003
48002004
48004004
48004005
49001007
49001008
49001015
49001016
49001018
49001019
49002008
49002009
49003014
49003015
49003017
49003018
49003020
49003021
49004028
49004029
49004030
49004031
49004032
49005031
49005032
49005033
49006002
49006003
50001004
50001005
50001009
50001010
50002012
50002013
50002015
50002016
50003008
50003009
51001011
51001012
51004010
51004011
52001002
52001003
52001009
52001010
52002006
52002007
52003002
52003003
53001007
53001008
53001009
53001010
54001003
54001004
54001012
54001013
54004012
54004013
54004014
54004015
54004016
56001012
56001013
56001014
56002012
56002013
57001004
57001005
57001008
57001009
58001006
58001007
58001008
58001010
58002013
58003016
58003017
58003018
58003019
58004004
58004005
58004006
58004007
58005006
58007022
58008013
58010003
58010004
58010008
58010009
58010010
58010015
58010016
58010017
58010018
58010039
58011017
58011018
58012007
58012008
58012009
58012010
58012011
58012018
58012019
58013020
58013021
59001007
59001008
60001001
60001002
61002009
61002010
61003001
61003002
61003011
61003012
62002005
62002006
65001022
65001023
66002026
66002027
66002028
66004009
66004010
66005013
66005014
66007005
66007006
66007007
66007008
66011019
