40002006
40002018
40004002
40004003
40004015
40004016
40005004
40005005
40005006
40005007
40005008
40005009
40005010
40006010
40006011
40006012
40006013
40012018
40012019
40012020
40012021
40013015
40015008
40015009
40021005
40022044
40022045
41001003
41006002
41006003
41007007
41012011
41012037
42001047
42001048
42001049
42001050
42001051
42001052
42001053
42001054
42001055
42001056
42001068
42001069
42001070
42001071
42001072
42001073
42001074
42001075
42001076
42001077
42001078
42001079
42002014
42002029
42002030
42002031
42002032
42003005
42003006
42004018
42004019
42006021
42006024
42006025
42011003
42011004
42020043
43001022
43008001
43008002
43008003
43008004
43008005
43008006
43012015
44001021
44001022
44002017
44002018
44002019
44002020
44002021
44002026
44002027
44002028
44002032
44002033
44002034
44002035
44004012
44004026
44004027
44004028
44004029
44004030
44007043
44007049
44007050
44008033
44013034
44013035
44013036
44013037
44013041
44015016
44015017
44015018
44028027
45003011
45003012
45003013
45003014
45003015
45003016
45003017
45003018
45004007
45004008
45008037
45008038
45008039
45009011
45009012
45009026
45010020
45011010
45011027
45011035
45011036
45015010
45015011
45015012
45015018
45015019
45015020
45015021
46005012
46005013
47006017
47006018
47009010
47009011
47009012
47009013
47009014
47009015
49004009
49004010
49004011
49004012
49004013
49004014
49004015
49004016
50002006
50002007
50002008
50002009
50002010
50002011
54004003
54004004
54004005
55002012
55002013
58001006
58001007
58001008
58001009
58001010
58001011
58001012
58001013
58001014
58002007
58002008
58002009
58002010
58002013
58003008
58003009
58003010
58003011
58004004
58004005
58004006
58004007
58005006
58007022
58008009
58008010
58008011
58008012
58010006
58010007
58010008
58010009
58010010
58010016
58010017
58010018
58010038
58010039
58012006
58012007
58012008
58012009
58012010
58012011
60002007
60002008
60003011
60003012
60004019
61001008
61001009
66001003
66002026
66002027
66002028
66004011
66005010
66005013
66005014
66011018
66015004
66018005
66018006
66018007
66018008
66022017
