40001024
40001025
40003004
40003005
40003006
40004011
40004017
40006014
40006015
40010037
40010038
40010039
40011011
40011012
40011013
40011014
40011015
40011018
40011019
40011024
40013016
40013017
40021006
40021007
40021008
40021009
40021010
40021011
40021017
40021043
40022045
40022046
40024030
40024031
40026032
40026033
40026034
40026035
40026065
40026066
40026067
40026068
41001004
41001005
41001006
41001007
41001008
41007008
41011018
41011019
41012037
41013026
41013027
41014028
41014029
41014030
41014031
41014063
41014064
41014065
42004011
42004012
42004013
42007028
42007029
42007030
42007033
42007034
42007035
42019039
42019040
42020018
42020019
43012014
43012016
43012017
43012018
43012019
43012039
43012041
43012042
43012043
43019025
44001021
44001022
44001023
44001024
44001025
44001026
44002032
44002033
44002034
44002036
44004012
44004027
44004028
44004029
44004030
44004031
44008001
44008034
44008035
44008036
44008038
44008039
44008040
44013034
44013035
44013036
44013037
44013038
44013039
44013040
44015018
44015019
44015020
44015021
44017029
44017030
44017031
45003005
45003006
45003007
45003008
45008037
45008038
45008039
45009016
45009017
45009018
45010009
45010010
45010011
45010012
45010013
45010019
45010020
45010021
45011009
45011028
45011029
45011030
45011031
45011032
45011036
45014012
45015010
45015011
45015012
45015013
46001020
46001021
46001022
46001023
46001024
46001025
46002010
46002011
46002012
46002013
46003020
46003021
46003022
46003023
46014022
46014023
46014024
46014025
46015033
46015034
46015056
46015057
47006003
47006004
47006005
47006006
47006007
47006008
47006009
47006010
47009010
47009011
47009012
47009013
47009014
47009015
48004028
48004029
48004030
48004031
49004009
49004010
49004011
49004012
49004013
49004014
49004015
49004016
54002007
56001013
56001014
56001015
56001016
58001006
58001007
58001008
58001010
58001013
58001014
58002009
58002013
58003012
58003013
58003014
58003015
58003016
58003017
58003018
58003019
58004004
58004005
58004006
58004007
58004008
58004009
58004010
58004011
58005006
58007018
58007019
58007022
58008013
58010008
58010009
58010010
58010017
58010018
58010039
58012007
58012008
58012009
58012010
58012011
59004007
59004008
59004009
59004010
60002007
60002008
60002023
60002024
60002025
60004019
66002028
66002029
66004009
66004010
66005013
66005014
66007007
66007011
66010007
66013001
66013002
66013003
66013004
66016007
66018015
66018019
66019003
66019004
66019006
