40005003
40005004
40005005
40005006
40005007
40005008
40005009
40005010
40005011
40005012
40006010
40006011
40006012
40006013
40006014
40006015
40008001
40010001
40011017
40011018
40011019
40012018
40012019
40012020
40012021
40013015
40013016
40013017
40015008
40015009
40015010
40015011
40021043
40026006
40026007
41007007
41007008
41007009
41007010
41007011
41007012
41007013
41007014
41007015
41009001
41011010
41011011
41012011
41012012
42001047
42001048
42001049
42001050
42001051
42001052
42001053
42001054
42001055
42001056
42001068
42001069
42001070
42001071
42001072
42001073
42001074
42001075
42001076
42001077
42001078
42001079
42001080
42002014
42002015
42002016
42002017
42002018
42002019
42002020
42002029
42002030
42002031
42002032
42002033
42002034
42002035
42003005
42003006
42003007
42003008
42003009
42004001
42004002
42004018
42004019
42004020
42004021
42004022
42004023
42004024
42004025
42004026
42004027
42004028
42004029
42004030
42007033
42007034
42007035
42011003
42011004
42011005
42011006
42011007
42011008
42011009
42011010
42011011
42011012
42011013
42023001
42023044
42023045
42023050
42023051
42024047
42024048
43012039
43012040
43012041
43012042
43012043
43017001
43017002
43017003
43017004
43017005
44002017
44002018
44002019
44002020
44002021
44002026
44002027
44002028
44004026
44004027
44004028
44004029
44004030
44004031
44008001
44008033
44008034
44008035
44008036
44008038
44008039
44008040
44014006
44014007
44015017
44015018
44022001
44022002
44022003
44022004
44022005
44022006
44022007
44022008
44022009
44022010
44022011
44023001
44023002
44023003
44023004
44023005
45003011
45003012
45003013
45003014
45003015
45003016
45003017
45003018
45003019
45003020
45003025
45003026
45009011
45009012
46005003
46005004
46011001
47002001
47002002
47002003
47002004
47007001
48004024
48004025
49001009
49001010
49005001
49005002
49005015
49005016
49005017
49005018
49005019
49005020
50004001
51001015
51001016
51001017
51001018
51001019
51001020
51001021
51001022
51001023
51004001
52003001
52003002
53001007
53001008
55002012
55002013
58001009
58001010
58001011
58001012
58001013
58001014
58002007
58002008
58002009
58002010
58002011
58002012
58002013
58003008
58003009
58003010
58003011
58003012
58003013
58003014
58003015
58003016
58003017
58003018
58003019
58005001
58005002
58005003
58005004
58005005
58005006
58005007
58005008
58005009
58005010
58006001
58006002
58006003
58006004
58006005
58006006
58006007
58006008
58010006
58010007
58010008
58010009
58010010
59001007
59001008
60001004
60001005
62002001
62002002
62003001
62003002
62003003
62003004
62003005
62003006
65001024
65001025
66005010
66005011
66005012
66005013
66005014
66013001
66013002
66013003
66013004
66013005
66013006
66013007
66013008
66015004
66015005
66015006
66015007
66015008
66018022
66018023
66018024
