40001023
40002006
40002018
40004015
40004016
40005003
40005004
40005005
40005006
40005007
40005008
40005009
40005010
40006010
40006011
40006012
40006013
40012019
40012020
40012021
40013015
40015008
40015009
40021005
40021009
41001003
41006008
41006009
41007007
41010007
41010008
41010009
41011010
41012011
41013025
41014057
41014058
41015042
41015043
42001047
42001048
42001049
42001051
42001052
42001053
42001054
42001055
42001068
42001069
42001070
42001071
42001072
42001073
42001074
42001075
42001076
42001077
42001078
42001079
42002030
42002031
42002032
42003001
42003002
42003005
42003006
42004018
42004019
42006021
42006022
42006023
42006024
42006025
42006026
42011003
42011004
42011031
42011032
42020043
42023050
42023051
43012039
43012040
43012041
44001021
44001022
44002017
44002018
44002019
44002020
44002021
44002026
44002027
44002028
44004026
44007043
44007049
44007050
44008033
44013038
44013039
44013041
44015017
44015018
44028027
45003011
45003012
45003013
45003014
45003015
45003016
45003017
45003018
45009011
45009012
45009026
45010019
45011010
45011027
45011034
45011035
45011036
46006009
46006010
46014022
47006017
47006018
47012003
47012004
49005015
49005016
49005017
50002006
50002007
50002008
50002009
50002010
50002011
55002011
55002012
55002013
58001006
58001007
58001008
58001009
58001010
58001011
58001012
58001014
58002007
58002008
58003008
58003009
58003010
58003011
58005006
58006004
58006005
58006006
58008009
58008010
58008011
58008012
58010006
58010007
58010016
58010018
58010038
58012006
60001025
60002008
60003011
60003012
66004011
66005010
66011018
66015004
