40004016
40007014
41005003
41006009
41007012
41013036
41015043
42001002
42001003
42001075
42002005
42002030
42003002
42004007
42005009
42009008
42011006
42023008
42023045
42023051
43001033
43004002
43004003
43004008
43010002
43011002
43012011
43016027
44001002
44001022
44003008
44004006
44004035
44013007
44013008
44016005
44017020
44017023
44024003
45001004
45001007
45001010
45001021
45003026
45008039
45009012
45009013
45011029
46003003
46009009
46016009
47001016
47012004
50001004
52001008
53001004
57001005
59001008
59001024
59005020
65001025
66007017
66014020
66020003
66021020
