40002009
40002010
40006014
40006015
40011011
40012008
40021043
40021045
40021046
40022033
40022038
40022039
40022040
40022045
40022046
40024030
40024031
40026032
41007008
41012027
41012037
41013026
41013027
41014028
42001002
42001003
42001004
42003001
42003002
42020018
42020044
42023050
42023051
43001032
43001033
43004007
43004008
43006046
43006047
43006048
43006049
43006050
43006051
43007039
43010014
43010015
43019001
43019002
43019003
44001002
44001003
44001021
44001022
44002032
44002033
44002034
44002036
44003026
44004012
44004027
44004028
44004029
44004030
44005005
44005006
44007049
44007050
44008001
44008002
44013034
44013035
44015035
44019001
44019002
44022029
44024010
44024011
44024012
44024013
44024014
44024015
44024016
45002003
45002004
45003001
45003002
45003003
45003004
45004004
45004005
45004006
45004010
45004011
45004012
45004019
45004020
45004021
45004022
45004023
45004024
45004025
45008005
45008006
45008037
45008038
45008039
45009008
45009009
45009011
45009012
45009013
45009016
45009017
45009018
45010001
45010002
45010003
45010004
45010006
45010008
45010009
45010010
45010011
45010012
45010013
45010016
45010017
45010018
45011004
45011005
45011006
45011009
45012020
45012021
45014012
45015004
45015010
45015011
45015012
46001020
46002010
46002011
46002012
46003020
46003021
46003022
46003023
46005012
46005013
46006017
46009010
46009011
46009012
46010008
46010009
46010010
46010028
46010029
46011001
46014022
46015028
46015046
46015047
46015048
46015049
46015056
46015057
47002001
47002002
47002003
47002004
47006001
47006002
47007001
47009010
47009011
47009012
47009013
47009014
47009015
47010018
47013002
47013003
47013004
48001001
48001002
48003007
48003008
48003009
48003011
48003012
48003014
48004031
49004009
49004010
49004011
49004012
49004013
49005032
49005033
54005019
54005020
54005021
55004001
55004002
55004003
55004004
55004005
58002009
58002013
58004004
58004005
58005006
58007013
58007014
58009016
58009017
58010018
58010031
58010039
58011011
58011012
58011017
58011018
58013020
58013021
59002009
59002010
59002011
60001017
60001018
60001019
60001020
60001021
60001022
60001023
60001024
60002007
60002008
60002009
60002010
60004019
60005006
60005007
61001017
61001018
65001016
66001004
66001005
66004009
66004010
66005011
66005012
66005014
66016015
66016016
66021021
