40022045
41012037
42020018
42020044
44002032
44002033
44002034
44004027
44004028
44004029
44004030
44013034
44013035
44013036
44013037
44013038
44013039
44013040
44015024
44015025
44015026
44015027
44015028
44015029
44017029
44017030
44017031
45009027
45009028
45009029
45010019
45010020
45010021
45011028
45011029
45011030
45011031
45011032
45011036
45014012
45015010
45015011
45015012
46001020
46002010
46002011
46002012
46014022
46015056
46015057
47006017
47009010
47009011
47009012
47009013
47009014
47009015
49004009
49004010
49004011
49004012
49004013
49004014
49004015
49004016
58001006
58001008
58001010
58001013
58002009
58002010
58002013
58005006
58007022
58008013
58010008
58010009
58010010
58010017
58010018
58010039
58012007
58012008
58012009
58012010
58012011
58013006
60002008
66005013
66005014
66022014
66022015
