01001031
01002001
01004011
01004012
01005001
01005002
01005023
01005024
01006003
01006004
01006009
01006010
01006019
01006020
01007021
01007022
01007023
01008007
01008008
01011027
01011028
01011029
01012004
01012005
01013011
01013012
01015019
01015020
01015021
01017011
01017012
01017023
01017024
01019018
01019019
01020017
01020018
01022021
01022022
01022023
01023002
01023003
01024002
01024003
01024004
01024029
01024030
01025007
01025008
01025012
01025013
01025025
01025026
01027043
01027044
01028001
01028002
01028003
01028004
01028005
01029023
01029024
01030001
01030037
01030038
01031017
01031018
01031024
01031025
01032003
01032004
01032005
01034006
01034007
01035028
01035029
01036004
01036005
01036010
01036011
01036012
01036013
01036015
01036016
01036020
01036021
01036025
01036026
01036029
01036030
01036040
01036041
01036042
01036043
01037005
01037006
01037007
01037023
01037024
01038018
01038019
01039008
01039009
01041045
01041046
01041047
01043021
01043022
01044030
01044031
01046006
01046007
01047001
01047002
01049029
01049030
01050022
01050023
02001020
02001021
02004015
02004016
02004025
02004026
02012035
02012036
02018002
02018003
02019001
02019002
02020003
02020004
02020005
02020006
02020007
02020008
02020009
02020010
02020011
02020012
02020013
02020014
02020015
02020016
02020017
02021018
02021019
02022002
02022003
02022004
02024013
02024014
02025004
02025005
02025006
02025007
02025027
02025028
02027004
02027005
02027014
02027015
02027017
02027018
02028013
02028014
02028033
02028034
02030019
02030020
02030021
02035006
02035007
02035008
02035025
02035026
02037014
02037015
02038014
02038015
02038025
02038026
02039025
02039026
02039034
02039035
02039036
02039037
02039038
02039039
02039040
02039041
03001003
03001004
03001005
03001007
03001008
03001009
03001012
03001013
03003003
03003004
03003009
03003010
03003011
03003014
03003015
03003016
03004008
03004009
03004010
03004011
03004012
03006001
03006002
03006003
03006004
03006005
03006014
03006015
03006016
03006017
03007003
03007004
03007031
03007032
03007033
03008002
03008003
03008020
03008021
03009020
03009021
03010014
03010015
03011004
03011005
03011006
03011013
03011014
03011015
03011016
03011017
03011018
03011019
03011021
03011022
03011029
03011030
03013040
03013041
03013047
03013048
03013049
03013051
03013052
03014054
03014055
03014056
03014057
03015005
03015006
03015021
03015022
03015023
03017003
03017004
03018001
03018002
03018004
03018005
03018026
03018027
03019001
03019002
03019027
03019028
03020001
03020002
03021010
03021011
03021012
03022006
03022007
03022018
03022019
03024010
03024011
03026034
03026035
03026036
03026037
03026040
03026041
03026044
03026045
03027004
03027005
03027006
03027007
04001006
04001007
04001008
04001009
04001010
04001011
04001012
04001013
04001014
04001015
04001017
04001018
04001019
04001020
04001021
04001022
04001023
04001024
04001025
04001026
04001027
04001028
04001029
04001030
04001031
04001032
04001033
04001034
04001035
04001036
04001037
04001038
04001039
04001040
04001041
04001042
04001043
04001044
04001045
04001046
04001050
04001051
04003017
04003018
04003019
04003020
04003040
04003041
04004018
04004019
04004020
04004034
04004035
04004036
04004037
04004038
04004039
04004040
04004041
04004042
04004043
04004044
04004045
04004046
04004047
04004048
04005021
04005022
04005024
04005025
04005026
04005029
04005030
04007006
04007007
04007008
04007012
04007013
04007014
04007015
04007016
04007017
04007018
04007019
04007020
04007021
04007022
04007023
04007024
04007025
04007026
04007027
04007028
04007029
04007030
04007031
04007032
04007033
04007034
04007035
04007036
04007037
04007038
04007039
04007040
04007041
04007042
04007043
04007044
04007045
04007046
04007047
04007048
04007049
04007050
04007051
04007052
04007053
04007054
04007055
04007056
04007057
04007058
04007059
04007060
04007061
04007062
04007063
04007064
04007065
04007066
04007067
04007068
04007069
04007070
04007071
04007072
04007073
04007074
04007075
04007076
04007077
04007078
04007079
04007080
04007081
04007082
04007083
04007084
04007085
04007086
04007087
04007088
04009002
04009003
04009010
04009011
04011008
04011009
04011013
04011014
04013001
04013002
04013003
04013032
04013033
04014015
04014016
04014017
04014018
04014036
04014037
04015001
04015002
04015004
04015005
04015009
04015010
04015019
04015020
04015022
04015023
04016001
04016002
04016006
04016007
04016039
04016040
04016041
04016042
04019001
04019002
04024021
04024022
04026005
04026006
04026007
04026012
04026013
04026014
04026015
04026016
04026017
04026018
04026019
04026020
04026021
04026022
04026023
04026024
04026025
04026028
04026029
04026030
04026031
04026032
04026038
04026039
04026040
04026041
04026054
04026055
04026056
04026064
04026065
04027001
04027002
04027008
04027009
04027010
04027011
04027018
04027019
04028003
04028004
04028009
04028010
04028014
04028015
04028023
04028024
04029017
04029018
04029019
04029020
04029021
04029022
04029023
04029024
04029025
04029026
04029027
04029028
04029029
04029030
04029031
04029032
04029033
04029034
04030006
04030007
04031022
04031023
04031032
04031033
04031034
04031035
04032003
04032004
04032016
04032017
04033001
04033002
04035004
04035005
04035006
04035007
04035016
04035017
04035018
04035019
04035022
04035023
04035024
04036010
04036011
05001001
05001002
05001003
05001004
05001005
05001020
05001021
05001032
05001033
05001046
05002001
05004016
05004017
05004018
05004044
05004045
05004046
05004047
05004048
05004049
05005007
05005008
05005009
05005010
05005011
05005012
05005013
05005014
05005015
05005016
05005017
05005018
05005019
05005020
05005021
05009010
05009011
05012008
05012009
05012013
05012014
05012029
05012030
05013006
05013007
05013008
05013017
05013018
05014012
05014013
05014014
05014015
05014016
05014017
05014018
05015004
05015005
05015006
05019002
05019003
05019008
05019009
05027002
05027003
05027004
05028054
05028055
05028056
05028057
05030009
05030010
05030019
05030020
05031010
05031011
06003009
06003010
06003011
06003014
06003015
06004005
06004006
06004015
06004016
06004017
06004018
06005001
06005004
06005005
06005006
06005007
06006008
06006009
06006012
06006013
06007020
06007021
06008020
06008021
06008025
06008026
06009004
06009005
06010013
06010023
06010024
06011017
06011018
06012009
06012010
06012011
06012012
06012013
06012014
06012015
06012016
06012017
06012018
06012019
06012020
06012021
06012022
06012023
06012024
06013002
06013003
06014003
06014004
06014007
06014008
06016006
06016007
06016008
06016009
06018005
06018006
06019049
06019050
06019051
06021001
06021002
06021009
06021010
06021011
06021012
06021013
06021014
06021015
06021016
06021017
06021018
06021041
06021042
06022006
06022007
06022008
06022030
06022031
06023012
06023013
07001018
07001019
07001022
07001023
07002007
07002008
07002009
07003019
07003020
07003026
07003027
07005029
07005030
07007001
07007002
07007003
07007021
07007022
07009002
07009003
07013015
07013016
07013019
07013020
07013021
07019010
07019011
07019012
07019013
07020003
07020004
07020014
07020015
07020016
07020022
07020023
07020024
07020027
07020028
07020033
07020034
07020037
07020038
07020039
07020042
07020043
07021008
07021009
07021010
07021011
08001001
08001002
08001003
08001006
08001007
08001012
08001013
08002015
08002016
09001009
09001010
09002013
09002014
09003006
09003007
09004001
09004019
09004020
09004021
09004022
09006004
09006005
09006014
09006015
09006017
09006018
09007001
09007002
09009009
09009010
09009012
09009013
09010001
09010002
09014001
09014002
09014003
09015008
09015009
09017017
09017018
09017019
09018001
09018002
09025002
09025003
09025023
09025024
09027002
09027003
09030001
09030002
09030004
09030005
09030009
09030010
09030011
09030012
10001015
10001016
10004006
10004007
10009004
10009005
10011023
10011024
10017028
10017029
10023016
10023017
10023025
10023026
10023027
10023028
10023029
10023030
10023031
10023032
10023033
10023034
10023035
10023036
10023037
10023038
10023039
10024011
10024012
11001005
11001006
11004003
11004004
11004005
11004006
11004009
11004010
11004011
11004012
11004013
11004014
11004015
11004016
11004017
11004018
11004019
11006023
11006024
11006025
11006026
11007002
11007003
11007042
11007043
11007044
11007045
11007049
11007050
11008024
11008025
11008026
11008027
11008028
11008029
11008030
11008031
11008032
11008033
11008034
11008035
11008036
11008037
11008038
11008039
11008040
11008041
11008042
11008043
11008044
11008045
11008046
11008047
11008048
11008049
11008050
11008051
11008052
11008053
11008057
11008058
11008059
11008060
11008061
11009020
11009021
11010019
11010020
11011009
11011010
11012026
11012027
11013001
11013002
11015027
11015028
11016001
11016002
11016003
11016004
11016025
11016026
11021010
12009014
12009015
12010003
12010034
12010035
12010036
12015036
12015037
12016007
12016008
12017036
12017037
12017038
12017039
12021004
12021005
12021011
12021012
12022018
12022019
12023001
12023002
12025001
12025002
12025003
12025020
12025021
13001013
13001014
13002026
13002027
13004003
13004004
13004017
13004018
13004022
13004023
13004028
13004029
13004030
13004031
13004034
13004035
13004036
13004037
13004038
13005004
13005005
13005006
13006033
13006034
13006035
13006036
13006037
13006038
13006039
13006040
13006041
13006042
13006043
13006044
13006045
13006046
13006047
13006051
13006052
13006053
13006055
13006056
13006057
13006058
13006059
13006080
13006081
13007014
13007015
13008006
13008007
13008008
13008009
13008014
13008015
13008016
13008017
13008018
13008019
13008020
13008022
13008023
13008024
13008025
13008026
13008027
13009004
13009005
13009006
13009007
13009008
13009009
13009010
13009011
13009012
13009015
13009016
13010013
13010014
13011013
13011014
13013002
13013003
13015017
13015018
13015019
13015020
13015021
13015023
13015024
13016012
13016013
13021009
13021010
13023010
13023011
13024001
13024002
13024028
13024029
13025009
13025010
13025011
13025012
13025013
13025014
13025015
13025016
13025017
13025018
13025019
13025020
13025021
13025022
13025023
13025024
13025025
13025026
13025027
13025028
13025029
13025030
13025031
13026021
13026022
13026025
13026026
13029023
13029024
13029026
13029027
14001008
14001009
14002004
14002005
14002006
14002007
14002008
14002009
14002010
14002012
14002013
14002014
14002015
14002016
14003001
14003002
14003011
14003012
14003013
14004007
14004008
14004013
14004014
14004015
14004016
14004020
14004021
14004022
14006012
14006013
14006015
14006016
14006017
14006018
14006019
14006020
14006021
14006022
14006023
14006024
14006025
14006026
14006027
14006028
14006029
14006030
14006031
14006032
14006033
14006034
14006035
14006036
14006037
14006038
14006039
14008007
14008008
14008009
14008010
14009018
14009019
14011005
14011006
14011007
14011008
14011009
14011010
14014001
14015001
14015002
14015003
14015004
14015005
14015006
14015007
14020007
14020008
14020009
14020010
14020011
14020012
14020016
14020017
14021001
14021013
14021014
14021015
14026012
14026013
14028005
14028006
14028010
14028011
14028016
14028017
14029006
14029007
14029008
14029009
14029010
14029011
14029013
14029014
14030001
14030002
14030003
14030004
14030007
14030008
14030009
14030015
14030016
14032003
14032004
14032011
14032012
14032013
14032014
14032015
14033004
14033005
14034026
14034027
14034029
14034030
14035004
14035005
14035006
14035026
14035027
14036023
15002067
15004009
15004010
15004011
15007001
15007002
15007003
15007004
15007005
15007006
15007007
15007008
15007009
15008002
15008003
15010016
15010017
15010031
15010032
15010034
15010035
15010036
15010037
15010038
15010039
15010040
15010041
15010042
16001006
16001007
16001008
16001009
16001010
16001011
16002011
16002012
16002014
16002015
16003025
16003026
16006001
16006002
16006017
16006018
16006019
16007069
16009017
16009018
16010002
16010003
16010004
16010005
16010006
16010007
16010008
16011003
16011004
16012033
16012034
16013004
16013005
17001001
17001002
17002015
17002016
17002017
17002018
17008011
17008012
17009007
17009008
17009009
17009010
18016016
18016017
18020010
18020011
18021023
18021024
18027016
18027017
18032008
18032009
18034026
18034027
18038006
18038007
18038039
18038040
18040001
18040002
19012007
19012008
19012009
19017013
19017014
19022010
19022011
19025001
19025002
19032003
19032004
19032005
19040008
19040009
19042007
19042008
19045014
19045015
19049006
19049007
19049008
19049009
19049010
19056010
19056011
19058005
19058006
19059004
19059005
19059006
19059013
19059014
19062011
19062012
19062013
19068033
19068034
19073002
19073003
19073013
19073014
19073015
19076009
19076010
19078070
19078071
19089031
19089032
19089033
19091001
19091002
19096012
19096013
19098004
19098005
19098006
19098008
19098009
19102010
19102011
19102022
19102023
19103017
19103018
19104014
19104015
19105005
19105006
19107015
19107016
19114001
19114002
19114007
19114008
19116010
19116011
19116018
19116019
19123001
19123002
19124002
19124003
19124004
19124005
19129006
19129007
19130001
19130002
19130003
19130005
19130006
19132003
19132004
19132005
19135001
19135002
19137001
19137002
19144007
19144008
19146005
19146006
20006016
20006017
20006018
20006019
20007008
20007009
20008002
20008003
20008025
20008026
20026018
20026019
20030015
20030016
20030018
20030019
20030021
20030022
20030023
20030029
20030030
20030031
22002005
22002006
22004013
22004014
23002017
23002018
23003002
23003003
23003018
23003019
23003020
23003021
23003022
23003023
23007008
23007009
23008007
23008008
23013015
23013016
23018001
23018002
23022009
23022010
23022011
23038004
23038005
23043016
23043017
23044001
23044002
23048001
23048002
23059005
23059006
23063012
23063013
23065006
23065007
23065021
23065022
24005017
24013026
24013027
24025020
24025021
24025022
24025023
24025024
24025025
24025026
24026004
24026005
24027019
24027020
24029004
24029005
24029006
24029007
24029008
24029009
24029010
24029011
24029012
24029013
24029014
24029015
24029016
24029017
24029018
24029019
24029024
24029025
24029026
24029027
24029028
24031016
24031017
24034008
24034009
24034010
24034011
24034012
24036008
24036009
24036010
24041013
24041014
24041017
24041018
24042013
24042014
24042015
24043012
24043013
24046003
24046004
24050036
24050037
24050038
24051021
24051022
24051023
24051034
24051035
24052005
24052006
24052026
24052027
26001002
26001003
26004004
26004005
26004016
26004017
26005014
26005015
26010007
26010008
26012004
26012005
26013015
26013016
26014015
26014016
26014017
26014018
26014019
26014020
26014022
26014023
26016053
26016054
26016055
26016056
26016057
26018010
26018011
26022018
26022019
26022020
26023022
26023023
26023029
26023030
26024004
26024005
26027018
26027019
26032022
26032023
26032024
26032025
26033025
26033026
26040048
26040049
26041001
26041002
26041005
26041006
26041007
26041009
26041010
26041011
26041017
26041018
26042005
26042006
26042007
26042008
26042009
26042010
26042011
26042012
26042017
26042018
26042019
26045010
26045011
26045012
26046021
26046022
26046023
26048001
26048002
26048003
26048004
26048005
26048006
26048007
26048012
26048013
26048021
26048022
26048023
26048024
26048025
26048026
26048027
26048030
26048031
26048032
26048033
26048034
27001019
27001020
27005026
27009003
27009004
27010020
27010021
28002004
28002005
28002021
28002022
29003020
29003021
30002014
30002015
30002016
30003001
30003002
30004001
30004002
30004003
30005008
30005009
30005016
30005017
30005026
30005027
31001012
31001013
31001014
33005005
33005006
34002011
34002012
36002001
36002002
36002008
36002009
38004009
38004010
38007002
38007003
38008017
38012012
38012013
38012014
38014001
38014002
40001017
40002007
40002008
40003004
40003005
40003006
40004017
40005011
40005012
40011011
40011012
40011013
40011014
40011015
40011018
40011019
40021043
40022045
41001004
41001005
41001043
41001044
41002025
41002026
41005007
41005008
41012037
42001076
42002022
42002023
42002024
42007028
42007033
42007034
42007035
42008028
42008029
42020018
42020044
42023050
42023051
43004007
43004008
43010014
43010015
43012039
43012041
44001014
44001021
44001022
44002032
44002033
44002034
44004012
44004027
44004028
44004029
44004030
44013035
44013036
44013037
44013038
44013039
44013040
44017029
44017030
44017031
45008037
45008038
45008039
45009016
45009017
45009018
45009027
45009029
45010019
45010020
45010021
45011009
45011028
45011029
45011030
45011031
45011032
45014012
45015010
45015011
45015012
45015018
45015019
46001020
46002010
46002011
46002012
46005012
46005013
46014022
46015051
46015052
46015056
46015057
47006017
47009010
47009011
47009012
47009013
47009014
47009015
47012003
47012004
48005020
48005021
48005023
48005024
48005025
48005026
49002008
49002009
49004009
49004010
49004011
49004012
49004013
49004014
49004015
49004016
49005032
49005033
55004011
55004012
58001006
58001007
58001008
58001010
58001013
58001014
58002009
58002010
58002013
58004004
58004005
58004006
58004007
58005006
58006002
58006003
58006015
58007018
58007019
58007022
58008006
58008013
58009021
58009022
58010008
58010009
58010010
58010017
58010018
58010031
58010039
58012007
58012008
58012009
58012010
58012011
58013006
59001007
59001008
59001010
59001011
59002002
59002003
60002007
60002008
60004019
62003019
62003020
66005013
66005014
66007005
66007006
66007007
66007008
66007011
66007012
66016007
66018015
66018016
66019003
66019004
66019006
