01002010
01002011
01002012
01002013
01002014
01004013
01004014
01004015
01004016
01004017
01004018
01004019
01004020
01004021
01004022
01004023
01004024
01006001
01006002
01006003
01006004
01007006
01007007
01007008
01007009
01007010
01007011
01007012
01007013
01007014
01007015
01007018
01007019
01007020
01007021
01007022
01007024
01008001
01008002
01008003
01008004
01008005
01008006
01008007
01008008
01008009
01008010
01008011
01008012
01008013
01008014
01009016
01009017
01009018
01009019
01009020
01009021
01009022
01009023
01009024
01009025
01009026
01009027
01009028
01009029
01011010
01011011
01011012
01011013
01011014
01011015
01011016
01011017
01011018
01011019
01011020
01011021
01011022
01011023
01011024
01011025
01011026
01011027
01011028
01011029
01011030
01011031
01011032
01012008
01012009
01012010
01012011
01012012
01012013
01012014
01012015
01012016
01012017
01012018
01012019
01012020
01013001
01013002
01013003
01013004
01013007
01013008
01015007
01015008
01015009
01015010
01015011
01015012
01015013
01015014
01015015
01015016
01015017
01015018
01015019
01015020
01015021
01016004
01016005
01016006
01016007
01016008
01016009
01016010
01016011
01016012
01016013
01016014
01017007
01017008
01021022
01021023
01021024
01021025
01021026
01021027
01021028
01021029
01021030
01021031
01021032
01021033
01021034
01022020
01022021
01022022
01022023
01022024
01025001
01025002
01025003
01025004
01025005
01025006
01025007
01025008
01025009
01025010
01025011
01025012
01025013
01025014
01025015
01025016
01025017
01025018
01026007
01026008
01026009
01026010
01026011
01026012
01026013
01026014
01026015
01026016
01026017
01026018
01026019
01026020
01026021
01026022
01026023
01026024
01026025
01026026
01026027
01026028
01026029
01026030
01026031
01026032
01026033
01026034
01026035
01028006
01028007
01028008
01028009
01028020
01028021
01028022
01035001
01035002
01035003
01035004
01035005
01035006
01035007
01035008
01035021
01035027
01035028
01035029
01037036
01041017
01041018
01041019
01041020
01041021
01041022
01041023
01041024
01041044
01041045
01041046
01042009
01042010
01042011
01042012
01042013
01042014
01042015
01042016
01042017
01042018
01042019
01042020
01042021
01042022
01042023
01042024
01042025
01042026
01042027
01042028
01042029
01042030
01042031
01042032
01042033
01042034
01042035
01042036
01042037
01042038
01045001
01045002
01045003
01045012
01045013
01045014
01045015
01045016
01045017
01045018
01045019
01045020
01045021
01045022
01045023
01045024
01046008
01046009
01046010
01046011
01046012
01046013
01046014
01046015
01046016
01046017
01046018
01046019
01046020
01046021
01046022
01046023
01046024
01046025
01046026
01046027
01046031
01046032
01046033
01046034
01047001
01047002
01047003
01047004
01047005
01047006
01047007
01047008
01047009
01047010
01047011
01047012
01047013
01047014
01047015
01047016
01047017
01047018
01047019
01047020
01047021
01047022
01047023
01047024
01047025
01047026
01047029
01047030
01047031
01048007
01048008
01048009
01048010
01048011
01048012
01048022
01049001
01049002
01049003
01049004
01049005
01049006
01049007
01049011
01049012
01049013
01049014
01049015
01049016
01049017
01049018
01049019
01049020
01049021
01049022
01049023
01049024
01049025
01049026
01049027
01049028
01049029
01049030
01049031
01049032
01050001
01050002
01050003
01050004
01050005
01050006
01050007
01050008
01050009
01050010
01050011
01050012
01050013
01050014
01050015
01050016
01050017
01050018
01050019
01050020
01050021
02001015
02001016
02001017
02001018
02001019
02001020
02001021
02002016
02002017
02002018
02002019
02002020
02002021
02002022
02002023
02002024
02002025
02003016
02003017
02003018
02003019
02003020
02003021
02003022
02011009
02011010
02012018
02012019
02012020
02012021
02012022
02012023
02012024
02012025
02012026
02012027
02012028
02012034
02012035
02012036
02012041
02012042
02012048
02012049
02012050
02012051
02013003
02013004
02013005
02013006
02013007
02013008
02013009
02013010
02013017
02013018
02013019
02013022
02014001
02014002
02014003
02014004
02015001
02015002
02015003
02015004
02015005
02015006
02015007
02015008
02015009
02015010
02015011
02015012
02015013
02015014
02015015
02015016
02015017
02015018
02015019
02015020
02015021
02015026
02015027
02016006
02016007
02016008
02016009
02016010
02016032
02016033
02016034
02016035
02016036
02017014
02017015
02017016
02018002
02018003
02018004
02018012
02019009
02019010
02019011
02019012
02019013
02019014
02019015
02019021
02019022
02019023
02019024
02019025
02020022
02020023
02020024
02020025
02020026
02021001
02021002
02021003
02021004
02021005
02021006
02021007
02021008
02021009
02021010
02021011
02021018
02021019
02021020
02021021
02021022
02021023
02021024
02021025
02021026
02021027
02021028
02021029
02021030
02021031
02021032
02021033
02021034
02021035
02021036
02022001
02022002
02022003
02022004
02022005
02022006
02022007
02022008
02022009
02022010
02022011
02022012
02022013
02022014
02022015
02022028
02022029
02022030
02022031
02023003
02023004
02023005
02023006
02023007
02023008
02023009
02023010
02023011
02023012
02023013
02023014
02023015
02023016
02023017
02023018
02023019
02023020
02023021
02023022
02023023
02023024
02023025
02023026
02023027
02023028
02023029
02023030
02023031
02023032
02023033
02024001
02024002
02024009
02024010
02024011
02025003
02025004
02025005
02025006
02025007
02025023
02025024
02025025
02025026
02025027
02025028
02025029
02025030
02025031
02025032
02025033
02025034
02025035
02025036
02025037
02025038
02025039
02025040
02028004
02028005
02028006
02028007
02028008
02028009
02028010
02028011
02028012
02028013
02028014
02028015
02028016
02028017
02028018
02028019
02028020
02028021
02028022
02028023
02028024
02028025
02028026
02028027
02028028
02028029
02028030
02028031
02028032
02028033
02028034
02028035
02028036
02028037
02028038
02028039
02028040
02028041
02028042
02028043
02032001
02032002
02032003
02032004
02032005
02032006
02032017
02032018
02032024
02032025
02032026
02032027
02032028
02032029
02034003
02034011
02034012
02034013
02034014
02034015
02034016
02034017
02034018
02034019
02034020
02034021
02034022
02034023
02034024
02034025
02034026
02034027
02040001
02040002
02040003
02040004
02040005
02040006
02040007
02040008
02040009
02040010
02040011
02040012
02040013
02040014
02040015
02040016
03001010
03001011
03001012
03001013
03001014
03001015
03001016
03001017
03019003
03019004
03019005
03019006
03019007
03019008
03019009
03019010
03019011
03019012
03019013
03019014
03019015
03019016
03019019
03019020
03019021
03019022
03019023
03019024
03019025
03019026
03019027
03019028
03019029
03019030
03019031
03019032
03019033
03019034
03019035
03019036
03019037
03020001
03020002
03020003
03020004
03020005
03020009
03020010
03020011
03020012
03020013
03020014
03020015
03020016
03020017
03020018
03020019
03020020
03020021
03020022
03020023
03020024
03020025
03020026
03020027
04006001
04006002
04006003
04006004
04006005
04006006
04006007
04006008
04006009
04006010
04006011
04006012
04006013
04006014
04006015
04006016
04006017
04006018
04006019
04006020
04006021
04013004
04013005
04013006
04013007
04013008
04013009
04013010
04013011
04013012
04013013
04013014
04013015
04013016
04013022
04013023
04013024
04014011
04014012
04014013
04014014
04014015
04014016
04014017
04014018
04014019
04014020
04014021
04014022
04014023
04014024
04014025
04014036
04014037
04014038
04014039
04014040
04014041
04014042
04014043
04014044
04014045
04020013
04020014
04020015
04020016
04020017
04020018
04020019
04020020
04020021
04021001
04021002
04021003
04021010
04021011
04021012
04021013
04021014
04021015
04021016
04021017
04021018
04021019
04021020
04021021
04021022
04021023
04021024
04021025
04021026
04021027
04021028
04021029
04021030
04021031
04021032
04021033
04021034
04021035
04022009
04022010
04022011
04022022
04022023
04022024
04022025
04022026
04022027
04022036
04022037
04022038
04023013
04023014
04023015
04023016
04023017
04023018
04023019
04023020
04023021
04023022
04023023
04023024
04023025
04023026
04023027
04023028
04023029
04023030
04024001
04024002
04024003
04024004
04024005
04024006
04024007
04024008
04024009
04024020
04024021
04024022
04024023
04024024
04027001
04027002
04027003
04027004
04027005
04027006
04027007
04027008
04027009
04027010
04027011
04027012
04027013
04027014
04027015
04027016
04027017
04027021
05006001
05006002
05006003
05006008
05006009
05006010
05006011
05006012
05006013
05006014
05006015
05006016
05006017
05006018
05006019
05006020
05006021
05006022
05006023
05006024
05006025
05007012
05007013
05007014
05007015
05007016
05007017
05007018
05007019
05007020
05007021
05007022
05007023
05007024
05007025
05007026
05008001
05008004
05008005
05008006
05008007
05008008
05008009
05008010
05011001
05011002
05011003
05011004
05011005
05011006
05011007
05011008
05011009
05011010
05011011
05011012
05011013
05011014
05011015
05011016
05011017
05011020
05011021
05011022
05011023
05011024
05011025
05011029
05011030
05011031
05011032
05018001
05018002
05018003
05018004
05018005
05018006
05018007
05018008
05026004
05026005
05026006
05026007
05026008
05026012
05026013
05026014
05026015
05026016
05026017
05026018
05026019
05031001
05031002
05031003
05031004
05031005
05031006
05031009
05031010
05031011
05031012
05031013
05031014
05031015
05031016
05031017
05031018
05031019
05031020
05031021
05031022
05031023
05031024
05031025
05031026
05031027
05031028
05031029
05031030
05034010
05034011
05034012
06001010
06001011
06001012
06001013
06001014
06001015
06001016
06001017
06001018
06002017
06002018
06002019
06002020
06002021
06003001
06003002
06003003
06003004
06003007
06003008
06003009
06003010
06003011
06003012
06003013
06005013
06005014
06005015
06006018
06006019
06006026
06006027
06024004
06024005
06024006
06024007
06024008
06024009
06024010
06024011
06024012
06024019
06024020
06024021
06024022
06024023
06024024
06024025
06024026
06024027
06024028
06024029
06024030
06024031
06024032
06024033
07002001
07002002
07002003
07002004
07002005
07002020
07002021
07002022
07002023
09002001
09002002
09002003
09002004
09002005
09002006
09002007
09002008
09002009
09002010
09002012
09002013
09002014
09002015
09002016
09002017
09002018
09002022
09002023
09002024
09002025
09002027
09002028
09002029
09002030
09002031
09002032
09002033
09002034
09002035
09002036
09009003
09009004
09009005
09009006
09009007
09009008
09009009
09009010
09009011
09009012
09009013
09009014
09009018
09009019
09009020
09009021
09009022
09009023
09009024
09009025
09009026
09009027
09010002
09010003
09010004
09010005
09010006
09010007
09010008
09010009
09010010
09010011
09010012
09010013
09010014
09010015
09010016
09010020
09010021
09010022
09010023
09010025
09010026
09010027
09011001
09011002
09011003
09011004
09011005
09011006
09011007
09011008
09011009
09011010
09011011
09011012
09011013
09013001
09013002
09013003
09013004
09013005
09013006
09013007
09013008
09013009
09013010
09013011
09013012
09013016
09013017
09013018
09013019
09013020
09013021
09013022
09013023
09015005
09015006
09015024
09015025
09015026
09015030
09015031
09015032
09015033
09016008
09016009
09016015
09016016
09016017
09016018
09016019
09016020
09016021
09016022
09016023
09017005
09017006
09017007
09017012
09017017
09017018
09017019
09017028
09017029
09017030
09017038
09017039
09017053
09017054
09017055
09017056
09017057
09017058
09018001
09018002
09018003
09018004
09018005
09018010
09018011
09018012
09018013
09018014
09018015
09018016
09018017
09018018
09018019
09018020
09018021
09018022
09018023
09018024
09018025
09018026
09018027
09018028
09018029
09018030
09031007
09031008
09031009
09031010
09031011
09031012
09031013
10005005
10005006
10005007
10005008
10005009
10005010
10005011
10005012
10005013
10005014
10005015
10005016
10005017
10005018
10005019
10005020
10005021
10005022
10005023
10005024
10005025
10007006
10007007
10007018
10007019
10007020
10007021
10007022
10007023
10007024
10007025
10007026
10007027
10007028
10007029
10011018
10011019
10011020
10011021
10011022
10011023
10011024
10011025
10012026
10012027
10012028
10012029
10012030
10012031
11002001
11002002
11002003
11002004
11002005
11002006
11002007
11002008
11002009
11002013
11002014
11002015
11002016
11002017
11002018
11002019
11002020
11002021
11002022
11002023
11002024
11002025
11002026
11002027
11002028
11002029
11002030
11002031
11002032
11002033
11002034
11002035
11002036
11002037
11002038
11002039
11002040
11002041
11002042
11002043
11002044
11002045
11002046
11003001
11003002
11003016
11003017
11003018
11003019
11003020
11003021
11003022
11003023
11003024
11003025
11003026
11003027
11003028
11004001
11004002
11004003
11004004
11004005
11004006
11004007
11004008
11004009
11004010
11004011
11004012
11004013
11004014
11004015
11004016
11004017
11004018
11004019
11004022
11004023
11004024
11004026
11004027
11004028
11004029
11004030
11004031
11004032
11004033
11004034
11006002
11006003
11006004
11006005
11006006
11006007
11006008
11006009
11006010
11006015
11006016
11006017
11006018
11006019
11006020
11006021
11006022
11006023
11006024
11006025
11006026
11006027
11006028
11006029
11006030
11006031
11006032
11006033
11006034
11006035
11006036
11006037
11006038
11008002
11008007
11008008
11008009
11008012
11008013
11008014
11008015
11008016
11008017
11008018
11008019
11008020
11008021
11008024
11008025
11008026
11008031
11008032
11008033
11008034
11008035
11008036
11008037
11008038
11008039
11008040
11008044
11008045
11008046
11008047
11008048
11008049
11008050
11008051
11008052
11008053
11008054
11008055
11008056
11008057
11008058
11008059
11008060
11008061
11008062
11008063
11008064
11008065
11008066
11011006
11011014
11011015
11011016
11011017
11011018
11011019
11011020
11011021
11011022
11011023
11011024
11011025
11011034
11011035
11011036
11011037
11011038
11011039
11011041
11012018
11012019
11012021
11012022
11012023
11012024
11012032
11012033
11016001
11016002
11016003
11016004
11016005
11016006
11016007
11016008
11016009
11016010
11016011
11016012
11016013
11016014
11016015
11016016
11016017
11016018
11016019
11016020
11016021
11016022
11016023
11016024
11016025
11016026
11016027
11016028
11016029
11016034
11018003
11018004
11018005
11018006
11018007
11018008
11018009
11018010
11018011
11018012
11018013
11018014
11018015
11018016
12002002
12002003
12002004
12002005
12002006
12002016
12002017
12002018
12002019
12002020
12002021
12002022
12002023
12002024
12002025
12004008
12004009
12004010
12004011
12004012
12004013
12004014
12004015
12004016
12004017
12004018
12004019
12004020
12004021
12004022
12004023
12004024
12004025
12004026
12004027
12004028
12004029
12004030
12004031
12004032
12004033
12004034
12004035
12004036
12004037
12004038
12004039
12004040
12004041
12004042
12004043
12004044
12005004
12005005
12005006
12005007
12005008
12005016
12005017
12005018
12005019
12005020
12005021
12005022
12005023
12005024
12005025
12005026
12005027
12017001
12017002
12017003
12017004
12017011
12017012
12017013
12017014
12017015
12017016
12017017
12017018
12017019
12017020
12017021
12017022
12017023
12017030
12017031
12017032
12017033
12017034
12017035
12017036
12017037
12017038
12017039
12017040
12017041
12018009
12018010
12018011
12018012
12018013
12018014
12018015
12018016
12018017
12018018
12018019
12018020
12018021
12018022
12018023
12018024
12018025
12018026
12018027
12018028
12018029
12018030
12018031
12018032
12018033
12018034
12018035
12018036
12018037
12021007
12021008
12021009
12021017
12021018
12021025
12021026
12022003
12022004
12022005
12022006
12022007
12022008
12022009
12022010
12022014
12022015
12023005
12023006
12023007
12023008
12023009
12023010
12023011
12023012
12023013
12023014
12023015
12023016
12023017
12023018
12023019
12023020
12023021
12023022
12023023
12023024
12023025
12023026
12023027
12023028
12023029
12023030
12023031
12023032
12023033
12023034
12023035
12023036
12023037
14033001
14033002
14033003
14033004
14033005
14033006
14033007
14033008
14033009
14033014
14033018
14033019
14033021
14033022
14033023
14033024
14033025
14036001
14036002
14036003
14036004
14036005
14036006
14036007
14036008
14036009
14036010
14036011
14036012
14036013
15003004
15003005
15003006
15003009
15003010
15003011
15003012
15003013
15006001
15006002
15006003
15006004
15006005
15006006
15006007
15006008
15006009
15006010
15006011
15006012
15006013
15006018
15006019
15006020
15006021
15006022
16008003
16008004
16008007
16008011
16009004
16009005
16009006
16009007
16009008
16009009
16009010
16009011
16009012
16009013
16009014
16009015
16009016
16009017
16009018
16009019
16009020
16009021
16009022
16009023
16009024
16009025
16009026
16009027
16009028
16009029
16009030
16009031
16009032
16009033
16009034
16009035
16009036
16009037
16009038
16011003
16011004
16011005
16011006
16011007
16011008
16011009
16011010
16011011
16011012
16011013
16011014
16011015
16011016
16011017
16011018
16011019
16011020
16011021
16011022
16011023
16011024
16011025
16011026
16011027
16011028
16011029
16011030
16011031
16011032
16011033
16011034
16011035
16011036
18003014
18003015
18003016
18003017
18003018
18003019
18003020
18003021
18003022
18003023
18003024
18004010
18004011
18004012
18004013
18004014
18004015
18004016
18004017
18004018
18004019
18004020
18004021
18005001
18005002
18005003
18005004
18005005
18005006
18005007
18005008
18005009
18005010
18005011
18005012
18005013
18005014
18005015
18005016
18005018
18005019
18005020
18005021
18005022
18005023
18005024
18005025
18005026
18005027
18006004
18006005
18006006
18006007
18006008
18006009
18006010
18006011
18006012
18006013
18006014
18006015
18006016
18006017
18006018
18006019
18006020
18006021
18006022
18006023
18006027
18006028
18006029
18018003
18018004
18018006
18018007
18018008
18018009
18018010
18018011
18018014
18018015
18018016
18018017
18018019
18018020
18019004
18019005
18019006
18019007
18019008
18019009
18019010
18019011
18019012
18019013
18019014
18019015
18019016
18019017
18019018
18019019
18019020
18019023
18019024
18019025
18019026
18019027
18019028
18019029
18020003
18020006
18020007
18020008
18020009
18020010
18020011
18020012
18020013
18020014
18020015
18020016
18020017
18020018
18020019
18020020
18020021
18020022
18020023
18020024
18020025
18020026
18021003
18021004
18021008
18021009
18021010
18021011
18021012
18021016
18021018
18021019
18021020
18021021
18021022
18021027
18021028
18021029
18021030
18021031
18021032
18021033
18022003
18022006
18022007
18022008
18022009
18022012
18022013
18022014
18022015
18022016
18022017
18022018
18022019
18022020
18022021
18022022
18022023
18022024
18022025
18022026
18022027
18022028
18022029
18022030
18023008
18023009
18023010
18023011
18023012
18023013
18023014
18023015
18023016
18023017
18027001
18027007
18027008
18027009
18027010
18027011
18027012
18027013
18027014
18027015
18027016
18027017
18027018
18027019
18027020
18027021
18027022
18027023
18030001
18030002
18030003
18030004
18030005
18030006
18030007
18030008
18030009
18030010
18030011
18030012
18030013
18030014
18030015
18030016
18030017
18030018
18030019
18030024
18030025
18030026
18030027
18030028
18030029
18030030
18030031
18038014
18038015
18038016
18038017
18038018
18038022
18038023
18038024
18038025
18038026
18038027
18038028
18038029
18038030
18038031
18038032
18038033
18038039
18038040
18038041
18040015
18040016
18040017
18040018
18040019
18040020
18040021
18040022
18040023
18040024
19018002
19018003
19018004
19018005
19018006
19018007
19018008
19018009
19018010
19018011
19018012
19018013
19018014
19018015
19018016
19018017
19018018
19018019
19018020
19018021
19018022
19018023
19018024
19018025
19018026
19018028
19018029
19018030
19018031
19018032
19018033
19018034
19018035
19018036
19018037
19018038
19018039
19018040
19018041
19018042
19018043
19018044
19018045
19018046
19018047
19018048
19018049
19018050
19018051
20003013
20003014
20003015
20003016
20003017
20003018
20003019
20003020
20003021
20003022
20003023
20003024
20003025
20003026
20005001
20005002
20005003
20005004
20005005
20005006
20005007
20005008
20005009
20005010
20005011
20005012
20005013
20005014
20005021
20005022
20005023
20008001
20008002
20008003
20008004
20008005
20008006
20008007
20008008
20008009
20008010
20008011
20008012
20008013
20008014
20008015
20008016
20008017
20008018
20008019
20008020
20008021
20008032
20008033
20008034
20008035
20008036
20009001
20009002
20009003
20009004
20009005
20009006
20009011
20009012
20009013
20009014
20009015
20009016
20009017
20009018
20013002
20013003
20013005
20013006
20013007
20013008
20013009
20013010
20013011
20013012
20013013
20013014
20013015
20013016
20013017
20013018
20013019
20013020
20013021
20013022
20013023
20013024
20013025
20014001
20014002
20014003
20014004
20014005
20014006
20014007
20014008
20014009
20014010
20014011
20014012
20014013
20014014
20014015
20014016
20014017
20014018
20014019
20014020
20014021
20014022
20014025
20014026
20014027
20014028
20014029
20014030
20014031
20014032
20014033
20014034
20014035
20015003
20015004
20015005
20015006
20015007
20015008
20015009
20015010
20015011
20015012
20015013
20015014
20015015
20015016
20015017
20015019
20015020
20015021
20015023
20015024
20015025
20015026
20015027
20015028
20015029
20015030
20015031
20015032
20015033
20018001
20018002
20018003
20018004
20018005
20018006
20018007
20018008
20018009
20018010
20018011
20018012
20018013
20018014
20018015
20018016
20018017
20018018
20018019
20018020
20018021
20018023
20018024
20019002
20019003
20019004
20019005
20019006
20019007
20019008
20019009
20019010
20019011
20019012
20019013
20019014
20019015
20019016
20019017
20019018
20019019
20019020
20019021
20019022
20019023
20019024
20019025
20019026
20019027
20019028
20019029
20020002
20020003
20020005
20020006
20020007
20020008
20020009
20020010
20020011
20020012
20020013
20020014
20020015
20020016
20020017
20020018
20020019
20020020
20020021
20020022
20020023
20020024
20020025
20020026
20020027
20020028
20020029
20020030
20022001
20022002
20022003
20022004
20022005
20022007
20022008
20022009
20022010
20022011
20022012
20022013
20022014
20022015
20022016
20022017
20022018
20022019
20022020
20022021
20022022
20022023
20022024
20022025
20022026
20022027
20022028
20022029
20023001
20023002
20023003
20023004
20023005
20023006
20023007
20023008
20023009
20023010
20023011
20023012
20023015
20023016
20023017
20023018
20023019
20023020
20023021
20023022
20023023
20023024
20023025
20023026
20023027
20023028
20024001
20024002
20024003
20024004
20024005
20024006
20024007
20024008
20024009
20024010
20024011
20024012
20024013
20024014
20024015
20024016
20024017
20024018
20024019
20024020
20024021
20024022
20024023
20024024
20024025
20024026
20024027
20024028
20024029
20029001
20029002
20029003
20029004
20029005
20029006
20029007
20029008
20029009
20029010
20029011
20029012
20029013
20029014
20029016
20029018
20029019
20029020
20029021
20029022
20029023
20029024
20029025
20029026
20029027
20031001
20031002
20031003
20031004
20031005
20031006
20031007
20031008
20031009
20031014
20031015
20031016
20031018
20031019
20031021
20031022
20031023
20031024
20031025
21001012
21001013
21001014
21001015
21001016
21001017
21001018
21003009
21003010
21003018
21003019
21003020
21003021
21003022
21004001
21004002
21004003
21004004
21004005
21004006
21004007
21004008
21004013
21004014
21004015
21004016
21005001
21005002
21005003
21005004
21005005
21005006
21005007
21005008
21005009
21005016
21005017
21005018
21005019
21005020
21011001
21011002
21011003
21011004
21011005
21011006
21011007
21011008
21012006
21012008
23006011
23006012
23006013
23007001
23007002
23007003
23007004
23007005
23007006
23007007
23007008
23007009
23007015
23007016
23007017
23007018
23007019
23007020
23007021
23007022
23007023
23007024
23007025
23009001
23009002
23009003
23009004
23009005
23009008
23009009
23009010
23009011
23009012
23009013
23009014
23009015
23009016
23009017
23009018
23009019
23009020
23009021
23011011
23011012
23011013
23011014
23011015
23011016
23040006
23040007
23040008
23040009
23040012
23040013
23040014
23040015
23040016
23040017
23042008
23042009
23042010
23042011
23042012
23042013
23042014
23042015
23042016
23042017
23042018
23042019
23042020
23042021
23042022
23042023
23042024
23042025
23049001
23049002
23049003
23049004
23049007
23049008
23049009
23049010
23049011
23049012
23049013
23049014
23049015
23049016
23049017
23049018
23049019
23049020
23049021
23049022
23049023
23049024
23049025
23049026
23050001
23050002
23050003
23050010
23050011
23052001
23052002
23052003
23052004
23052005
23052006
23052007
23052008
23052009
23052010
23052011
23052012
23055004
23055005
23055012
23055013
23059005
23059006
23059007
23059008
23059011
23059018
23059019
23059021
23061004
23061005
23061006
23061007
23061008
23061009
23061010
23061011
23064001
23064002
23064003
23064010
23064011
23064012
24001011
24001012
24001013
24001014
24001015
24001016
24006001
24006002
24006003
24006004
24006005
24006006
24006007
24006008
24006009
24006010
24006011
24006012
24006015
24006016
24006017
24006018
24006019
24006020
24006021
24006022
24006023
24006024
24006025
24006026
24006027
24006028
24006029
24006030
24017001
24017002
24017003
24017004
24017011
24017012
24017013
24017014
24017015
24017016
24017017
24017018
24017019
24017020
24017021
24017022
24017023
24017024
24017025
24017026
24017027
24020001
24020002
24020003
24020004
24020006
24020014
24020015
24020016
24020017
24020018
24023007
24023008
24023009
24023010
24023011
24023012
24023013
24023014
24023015
24023016
24023017
24023018
24023019
24023020
24023021
24023022
24023023
24023024
24023025
24023026
24023027
24023028
24023029
24023030
24023031
24023032
24023033
24023034
24023035
24023036
24023037
24023038
24023039
24023040
24029002
24029003
24029004
24029005
24029006
24029007
24029008
24029009
24029015
24029016
24029017
24029018
24029019
24029020
24029021
24029022
24029023
24029024
24029025
24029026
24029027
24029028
24029029
24029030
24029031
24029032
24031001
24031002
24031004
24031005
24031006
24031007
24031008
24031009
24031010
24031011
24031012
24031013
24031014
24031015
24031016
24031017
24031018
24031019
24031020
24031021
24031022
24031023
24031024
24031025
24031026
24031027
24031028
24031029
24031030
24031035
24031036
24031037
24031038
24031039
24031040
25001001
25001002
25001003
25001004
25001005
25001006
25001007
25001009
25001010
25001011
25001012
25001013
25001014
25001015
25001016
25001017
25001018
25001019
25001020
25001021
25001022
25002001
25002002
25002003
25002004
25002005
25002006
25002007
25002008
25002009
25002010
25002011
25002012
25002013
25002014
25002015
25002016
25002018
25002019
25002020
25002021
25002022
25003001
25003002
25003003
25003004
25003005
25003006
25003007
25003008
25003009
25003010
25003011
25003012
25003013
25003014
25003015
25003016
25003017
25003018
25003027
25003028
25003029
25003030
25003031
25003032
25003033
25003034
25003035
25003036
25003037
25003038
25003039
25003040
25003041
25003042
25003043
25003044
25003045
25003046
25003047
25003048
25003049
25003050
25003051
25003052
25003053
25003054
25003055
25003056
25003057
25003058
25003059
25003060
25003061
25003062
25003063
25003064
25003065
25003066
26002006
26002007
26002008
26002009
26002010
26033001
26033002
26033003
26033004
26033005
26033006
26033010
26033011
26033012
26033013
26033014
26033015
26033016
26033017
26033018
26033019
26033020
26033021
26033022
26033023
26033024
26033025
26033026
26033027
26033028
26033029
26033030
26033031
26033032
26033033
26036001
26036002
26036003
26036004
26036005
26036006
26036007
26036008
26036009
26036010
26036011
26036012
26036013
26036014
26036015
26036028
26036029
26036030
26036031
26036032
26036033
26036034
26036035
26036036
26036037
26036038
27002001
27002002
27002003
27002004
27002005
27002006
27002007
27002008
27002009
27002010
27002011
27002012
27002013
27002014
27002015
27002016
27002017
27002018
27002019
27002020
27002021
27002022
27002023
27002024
27002025
27002026
27002027
27002028
27002029
27002030
27002031
27002032
27002033
27002034
27002035
27002036
27002037
27002038
27002039
27002040
27002041
27002042
27002043
27002044
27002045
27002046
27002047
27004009
27004010
27004011
27004012
27004013
27004014
27004015
27004016
27004017
27004018
27005010
27005011
27005012
33005006
33005007
33005008
33005009
33005010
33005011
33005012
33005013
33005014
33005015
38009001
38009002
38009003
38009004
38009005
38009006
38009007
38009008
38009011
38009012
38009013
38009014
38009015
38009016
38009017
38012001
38012002
38012003
38012004
38012005
38012006
38012007
38012008
38012009
38012012
38012013
38012014
38013002
38013003
38013004
38013005
38013006
38013007
38013008
38013009
