40011011
40015010
40015011
40021006
40021007
40021008
40021009
40021014
40021015
40021016
40021017
40021043
40022045
40022046
40024030
40024031
40026032
40026033
40026034
40026035
41007008
41012037
42007028
42020018
42020044
43012016
43012039
43012041
45009027
45010019
45010020
45010021
45014012
45015010
45015011
45015012
46002010
46011001
47009010
47009011
47009012
47009013
47009014
47009015
50004001
58001005
58001006
58001007
58001008
58001010
58001013
58001014
58002013
58003016
58003017
58003018
58003019
58004004
58004005
58004006
58004008
58004009
58004010
58004011
58005006
58005007
58005008
58005009
58005010
58006001
58006002
58006003
58007018
58007019
58007022
58007023
58007024
58007025
58007026
58007027
58007028
58008001
58008002
58008013
58010008
58010009
58010010
58010011
58010012
58010013
58010014
58010015
58010018
58010039
58012007
58012008
58012009
58012010
58012011
58012012
58012013
58012014
58012015
58012016
58012017
58012018
58012019
58012020
58012021
58012022
58012023
58012024
58012025
58012026
58012027
58012028
58012029
58013001
58013002
58013003
58013004
58013005
58013006
66002002
66002003
66002004
66002005
66002006
66002009
66002010
66002013
66002014
66002015
66002016
66002019
66002020
66002021
66002022
66002023
66002024
66002025
66003002
66003003
66003004
66003008
66003009
66003010
66003011
66003015
66003016
66003017
66003018
66003019
66003020
66012011
66019003
