40002006
40002018
40004015
40004016
40006010
40006011
40006012
40006013
40012018
40012019
40012020
40012021
40013015
40015008
40015009
40017020
40018010
40021005
40021024
40021025
40022044
40023013
41001003
41007007
41007015
41009043
41009045
41011010
41011025
41012011
41012029
41012030
41015027
42001047
42001048
42001049
42001050
42001051
42001052
42001053
42001054
42001055
42001068
42001069
42001070
42001071
42001072
42001073
42001074
42001075
42001076
42001077
42001078
42001079
42002014
42002029
42002030
42002031
42002032
42003005
42003006
42004011
42004018
42004019
42007018
42007019
42011003
42011004
42020018
42020043
42023016
42023050
42023051
43005003
43010014
43010015
43012015
43012040
44002017
44002018
44002019
44002020
44002021
44002026
44002027
44002028
44002035
44003023
44004026
44007043
44007050
44008033
44013038
44013039
44013041
44015016
44015017
44015018
44015024
44015025
44015026
44015027
44015028
44015029
44015033
44023026
44023027
44024006
44028026
44028027
44028028
45003011
45003012
45003013
45003014
45003015
45003016
45003017
45003018
45004008
45009026
45009028
45011003
45011010
45011027
46003020
46015055
47006018
50002006
50002007
50002008
50002009
50002010
50002011
55002012
55002013
58001009
58001011
58001012
58002007
58002008
58003008
58003009
58003010
58003011
58008009
58008010
58008011
58008012
58010006
58010007
58010017
58010037
58010038
58012006
60001025
60003011
60003012
66001007
66004011
66005010
66011018
66013009
66013010
66015004
66018003
66018004
66018005
66018006
66018007
66018008
66018017
66018020
66018022
66018023
66019002
66019003
66019007
66019008
