40022045
42003024
42003025
42003026
42003027
42003028
42003029
42003030
42003031
42003032
42003033
42003034
42003035
42003036
42003037
42003038
43008001
43008002
43008003
43008004
43010014
43010015
44015024
44015025
44015026
44015027
44015028
44015029
44023026
44023027
44023028
44023029
44023030
44028028
45010020
45015010
45015011
45015012
47006017
58001006
58001007
58001008
58001010
58001013
58002013
58004004
58004005
58004008
58004009
58004010
58004011
58005006
58005007
58005008
58005009
58005010
58007018
58007019
58007022
58008013
58010008
58010009
58010010
58010017
58010018
58010039
60002008
60005006
60005007
66002002
66002003
66002004
66002005
66002006
66002007
66002009
66002010
66002011
66002013
66002014
66002015
66002016
66002017
66002019
66002020
66002021
66002022
66002023
66002024
66002025
66002026
66002027
66002028
66002029
66003002
66003003
66003004
66003005
66003006
66003008
66003009
66003010
66003011
66003012
66003013
66003015
66003016
66003017
66003018
66003019
66003020
66003021
66003022
