40001002
40001003
40001004
40001005
40001006
40001007
40001008
40001009
40001010
40001011
40001012
40001013
40001014
40001015
40001016
40010003
40010004
41003017
41003018
41003019
42001069
42001070
42001073
42001074
42003024
42003025
42003026
42003027
42003028
42003029
42003030
42003031
42003032
42003033
42003034
42003035
42003036
42003037
42003038
42005008
42005009
42006014
42006015
42006016
42008028
42008029
42023050
42023051
42024047
42024048
43001032
43001033
44001016
44001017
44001021
44001022
44005005
44005006
44008013
44008014
44015029
45001003
45001004
45009011
45009012
45016003
45016004
45016005
45016006
45016007
45016008
45016009
45016010
45016011
45016012
45016013
45016014
45016015
45016016
58006004
58006005
58006006
59001007
59001008
62003019
62003020
66001004
66007005
66007006
66007007
66007008
