40002010
40004006
40004009
40004013
40005012
40005024
40006018
40007004
40007014
40007022
40007023
40007029
40009021
40010010
40010020
40010025
40010030
40010031
40011013
40011014
40012007
40012021
40012035
40012037
40013017
40013021
40013032
40014004
40014010
40014021
40015014
40015038
40017016
40020012
40020015
40020019
40020027
40021005
40021025
40023026
40024021
40025003
40025004
40025027
40025030
40025033
40026007
40026028
40026046
40027043
40027056
41001005
41001006
41001008
41001033
41001037
41001044
41003010
41003012
41003015
41004017
41004019
41004031
41004036
41004038
41005003
41005007
41005008
41005028
41005029
41005043
41006018
41006019
41006020
41006043
41006044
41006049
41006050
41006056
41007026
41008009
41009031
41009034
41010008
41010030
41010044
41011010
41011030
41013019
41013025
41014036
41014042
41014052
41014056
41014058
41014064
41015026
41015041
41015043
41016002
42001002
42001004
42001009
42001027
42001047
42001049
42001055
42002002
42002015
42002023
42002024
42002030
42002035
42002037
42004007
42006023
42006042
42006048
42007007
42007042
42008028
42008029
42008032
42008039
42008052
42008053
42008056
42009008
42009015
42009031
42010024
42011008
42011022
42011048
42012007
42012021
42012023
42012036
42012038
42013019
42013021
42013029
42015024
42019038
42020004
42020021
42020029
42020036
42022030
42022064
42022065
42023045
42023055
42024007
42024023
42024031
42024039
42024040
43001007
43001030
43001033
43002010
43002025
43003020
43004002
43004008
43004018
43004040
43005038
43005047
43006002
43006033
43006065
43007020
43007021
43007023
43007038
43008036
43009014
43010015
43010018
43010024
43010035
43011003
43011010
43011042
43011057
43012008
43012011
43012036
43013002
43013003
43013032
43014003
43015027
43016015
43018006
43018016
43018029
43019014
43020012
44001016
44001022
44002008
44002010
44002011
44002035
44002045
44003020
44004009
44004011
44004035
44007016
44008002
44008016
44008017
44008019
44008023
44009002
44010011
44010046
44013005
44013033
44013039
44014007
44014009
44017003
44017007
44020009
44023013
44024019
44026031
44027038
44028011
45001007
45001020
45002016
45002020
45002029
45003006
45003025
45004002
45004006
45004011
45004019
45004025
45005014
45005021
45006004
45006010
45007025
45008021
45008025
45008027
45009002
45009003
45009008
45009012
45009013
45009018
45010004
45011027
45013010
45014008
45015016
45016026
46001002
46001015
46003022
46003023
46005004
46005008
46005013
46007004
46007034
46011008
46011012
46011024
46015004
46015025
47001009
47001014
47005007
47009002
47009004
47009007
47009011
47011018
47012003
47013002
48001002
48001008
48002007
48003022
48003025
48004002
48004023
48004025
48005026
49001012
49001020
49001021
49001023
49002012
49005009
49005010
49005012
49005029
49005030
49006003
49006008
50001004
50001013
50001017
50002018
50003005
51001002
51001004
51001014
51001027
51002007
51002021
51003002
51003023
51004004
51004008
52002007
52002012
52004012
52005008
53002002
53002004
53002007
53002014
53002017
54001002
54002010
54003015
55001017
57001005
57001010
58001012
58002008
58002015
58002017
58002018
58003004
58003008
58003009
58004002
58004003
58004007
58004008
58004009
58005003
58005008
58006005
58006006
58006008
58006020
58007002
58007003
58007010
58007013
58007014
58007016
58007019
58007021
58008002
58009003
58009004
58009017
58010004
58011018
58011028
58011038
58012006
58012020
58012023
58013021
59001008
59001011
59001014
59001024
59003012
59005020
60001011
60001019
60002003
60002005
60003002
61001018
61002008
61002016
62002013
62002014
62005004
62005008
65001025
66002023
66002027
66004010
66005006
66006016
66007002
66010006
66010007
66013002
66014010
66014020
66016006
66016017
66018018
66019002
66019018
66020013
