40001024
40001025
40003004
40003005
40003006
40003007
40003008
40003009
40003010
40003011
40003012
40004005
40004006
40004007
40004008
40004009
40004010
40004011
40010037
40010038
40010039
40011024
40013016
40013017
40015010
40015011
40015012
40015013
40015014
40015015
40015016
40015017
40015018
40015019
40015020
40021006
40021007
40021008
40021009
40021010
40021011
40021043
40022045
40022046
40024030
40024031
40026032
40026033
40026034
40026035
40026065
40026066
40026067
40026068
41007008
41007009
41007010
41007011
41007012
41007013
41011011
41011018
41011019
41012012
41012037
41014028
41014029
41014030
41014031
41014063
41014064
41014065
42002033
42002034
42002035
42003007
42003008
42003009
42003010
42003011
42003012
42003013
42003014
42004011
42004012
42004013
42004020
42004021
42004022
42004023
42004024
42004025
42004026
42004027
42004028
42004029
42004030
42006022
42006023
42006026
42007028
42007029
42007030
42007033
42007034
42007035
42020018
42020019
42020044
42023031
43001024
43001025
43001026
43001027
43001028
43001031
43001032
43001033
43001034
43003004
43003005
43003009
43003010
43003028
43004011
43004012
43004013
43004015
43004025
43004026
43006064
43006065
43007019
43007020
43007021
43007022
43007023
43007024
43007030
43007031
43007039
43008013
43008014
43008019
43008020
43008022
43008023
43008025
43008027
43008028
43008030
43008033
43008034
43008042
43008052
43008053
43008054
43008057
43008058
43008059
43010039
43011011
43011012
43011013
43011014
43011015
43011016
43011027
43011043
43011044
43012014
43012016
43012017
43012018
43012019
43012029
43012030
43012033
43012034
43012035
43012039
43012041
43012042
43012043
43013022
43013023
43013024
43013025
43013026
43013027
43013028
43013029
43013030
43014005
43014006
43014008
43014009
43014022
43014023
43016017
43016018
43016029
43016030
43016031
43018024
43018037
43018038
43019025
43019026
43019027
43020022
43021019
44001021
44001022
44001023
44001024
44001025
44001026
44002031
44002032
44002033
44002034
44002036
44004012
44004027
44004028
44004029
44004030
44015019
44015020
44015021
45003005
45003006
45003007
45003008
45003019
45003020
45008037
45008038
45008039
45009016
45009017
45009018
45009027
45009028
45009029
45010009
45010010
45010011
45010012
45010013
45010019
45010020
45010021
45011009
45011028
45011029
45011030
45011031
45011032
45014012
45015010
45015011
45015012
45015013
46001020
46001021
46001022
46001023
46001024
46001025
46002010
46002011
46002012
46002013
46002014
46002015
46002016
46010008
46010009
46010010
46010011
46010012
46010013
47006003
47006004
47006005
47006006
47006007
47006008
47006009
47006010
48004028
48004029
48004030
48004031
49004009
49004010
49004011
49004012
49004013
49004014
49004015
49004016
58001006
58001007
58001008
58001010
58001013
58001014
58002009
58002013
58002014
58002015
58002016
58002017
58002018
58003016
58003017
58003018
58003019
58004004
58004005
58004006
58004007
58004008
58004009
58004010
58004011
58005006
58005007
58005008
58005009
58005010
58006015
58006016
58006017
58006018
58006019
58006020
58007018
58007019
58007022
58007023
58007024
58007025
58008013
58010008
58010009
58010018
58010039
58012007
58012008
58012009
58012010
58012011
58013006
59004007
59004008
59004009
59004010
60002007
60002008
60002009
66002028
66002029
66003008
66003009
66003010
66003011
66003012
66003013
66004009
66004010
66005013
66005014
66007011
66010007
66011016
66011019
66016007
66018015
66018016
66019003
66019004
66019006
