40001002
40001003
40001004
40001005
40001006
40001007
40001008
40001009
40001010
40001011
40001012
40001013
40001014
40001015
40001016
40001017
40002009
40002010
40006014
40006015
40009020
40009021
40011011
40011012
40011013
40011014
40011015
40012006
40012007
40013016
40013017
40013031
40013032
40017020
40018010
40021029
40021030
40021043
40022038
40022039
40022040
40022045
40023013
40024038
40024039
41001032
41001033
41002025
41002026
41007008
41009043
41009045
41010009
41011025
41012020
41012021
41012022
41012023
41012027
41012031
41012037
41014028
41015027
42001001
42001054
42001055
42003024
42003025
42003026
42003027
42003028
42003029
42003030
42003031
42003032
42003033
42003034
42003035
42003036
42003037
42003038
42004012
42004013
42006014
42006015
42006016
42006023
42008028
42008029
42009030
42009031
42017035
42020018
42020044
42023016
42023050
42023051
42024001
43001043
43001044
43003023
43003024
43004007
43004008
43005003
43007039
43011001
43011002
43012039
43012041
43013015
43013016
43019020
43019021
44001001
44001014
44001021
44001022
44002032
44002033
44002034
44002036
44003023
44004012
44004027
44004028
44004029
44004030
44007004
44007007
44008036
44013034
44013035
44013036
44013037
44015019
44015020
44015021
44015024
44015025
44015026
44015027
44015028
44015029
44015033
44017029
44017030
44017031
44023026
44023027
44023028
44023029
44023030
44024006
44024008
44028028
45001001
45002022
45002023
45002024
45006010
45006011
45009011
45009012
45010008
45010009
45010010
45010011
45010012
45010013
45010019
45010020
45010021
45011009
45011014
45011015
45011034
45011036
45012010
45012011
45012012
45012013
45012014
45012015
45012016
45012017
45012018
45012020
45012021
45014012
45015010
45015011
45015012
45015023
45015024
45016003
45016004
45016005
45016006
45016007
45016008
45016009
45016010
45016011
45016012
45016013
45016014
45016015
45016022
45016023
45016025
45016026
45016027
46001001
46001020
46001021
46001022
46001023
46001024
46001025
46002010
46002011
46003020
46005003
46005004
46005010
46005011
46007030
46007031
46011001
46012008
46012009
46012010
46012011
46012029
46012030
46014001
46014022
46015004
46015005
46015006
46015007
46015008
46015033
46015034
46015056
46015057
46016023
46016024
47001001
47002012
47002013
47006017
47008010
47008011
47009007
47009008
47009009
47009010
47010018
47011030
47011031
47013002
47013003
47013004
47013013
47013014
48001001
48003011
48003012
48003014
48003018
48004002
48004003
48004004
48004005
48004006
48004007
48004024
48004025
48005003
48005004
48005005
48005006
48005017
48005018
48006011
48006012
48006013
48006014
48006015
48006016
48006017
48006018
49001001
49004009
49004010
49004011
49005011
49005012
49005019
49005020
49005021
49006021
49006022
49006023
49006024
50001001
50003005
50003006
50004005
50004006
50004007
50004009
50004021
50004022
50004023
51001001
51003006
51003007
51003008
51003009
51003010
51003011
51004018
52001001
52005025
52005026
52005027
52005028
53001001
53003017
53003018
54001001
54001010
54001011
54001016
54001017
54003002
54003003
54003004
54003005
54003006
54003007
55001001
56001001
56001002
56001003
56001006
56001007
56001008
56001009
57001001
57001008
57001009
57001020
57001025
58001006
58001007
58001008
58001010
58001013
58002013
58003012
58003013
58003014
58003015
58004004
58004005
58005006
58006015
58007005
58007006
58007007
58007008
58007009
58007010
58007018
58007019
58007022
58008002
58008013
58009021
58009022
58010008
58010009
58010010
58010017
58010018
58010031
58011003
58011004
58011005
58011006
58011007
58011008
58011009
58011010
58011011
58011012
58011013
58011014
58011015
58011016
58011017
58011018
58011019
58011020
58011021
58011022
58011023
58011024
58011025
58011026
58011027
58011028
58011029
58011030
58011031
58012007
58012008
58012009
58012010
58012027
58013001
58013002
58013003
58013004
58013005
58013006
58013007
58013008
58013009
59001001
59001007
59001008
59005019
59005020
60001001
60002007
60002008
60004019
60005006
60005007
60005013
60005014
61001001
61001017
61001018
61001021
61002007
61002008
62002001
62002002
62002005
62002006
62003019
62003020
62003024
62004003
62005008
62005012
62005014
62005015
62005018
62005019
62005020
63001001
63001006
64001001
65001001
65001020
65001021
66001001
66001002
66001003
66001004
66001018
66002002
66002003
66002004
66002005
66002006
66002007
66002009
66002010
66002011
66002013
66002014
66002015
66002016
66002017
66002019
66002020
66002021
66002022
66002023
66002024
66002025
66002026
66002027
66002028
66002029
66003002
66003003
66003004
66003005
66003006
66003008
66003009
66003010
66003011
66003012
66003013
66003015
66003016
66003017
66003018
66003019
66003020
66003021
66003022
66005013
66005014
66007005
66007006
66007007
66007008
66009001
66009002
66009012
66011014
66012011
66012012
66013009
66013010
66014010
66014011
66016016
66017006
66018005
66018006
66018007
66018008
66018017
66018019
66018022
66018023
66018024
66019003
66020002
66020003
66020005
66020006
66020012
66020013
66021004
66021005
66021006
66021007
66021008
66021012
66021013
66022010
66022011
66022012
66022013
66022014
66022015
66022016
66022019
