40002009
40002010
40004015
40004016
40008008
40008009
40011002
40011003
40014003
40014004
40022038
40022039
40022040
40022045
40022046
40024015
40024016
41001012
41001013
41003031
41003032
41005002
41005003
41005007
41005008
41005015
41005016
41005027
41005028
41006005
41006006
41006008
41006009
41006017
41006018
41006022
41006023
41007025
41007026
41007036
41007037
41008008
41008009
41009012
41009013
41009030
41009031
41010029
41010030
41012031
41013026
41013027
41014004
41014005
41014035
41014036
41015042
41015043
41016003
41016004
41016010
41016011
42001039
42001040
42001054
42001055
42001072
42001073
42002022
42002023
42002024
42002029
42002030
42002031
42002050
42002051
42004006
42004007
42004025
42004026
42006022
42006023
42007020
42007021
42007045
42007046
42008041
42008042
42009030
42009031
42010007
42010008
42011005
42011006
42012043
42012044
42013024
42013025
42020009
42020010
42020018
42023044
42023045
42023050
42023051
42024047
42024048
43002001
43002002
43007012
43007013
43010012
43010013
43010014
43010015
43010017
43010018
43010028
43010029
43011001
43011002
43011029
43011030
43014013
43014014
43021007
43021008
44004021
44004022
44004027
44004028
44004029
44004030
44010045
44010046
44013032
44013033
44013034
44013035
44013038
44013039
44013048
44015024
44015025
44015026
44015027
44015028
44015029
44023026
44023027
44023028
44023029
44023030
44025002
44025003
44025026
44025027
45001003
45001004
45002014
45002015
45003025
45003026
45003027
45003028
45007024
45007025
45009001
45009002
45009003
45009011
45009012
46002010
46002011
46002012
46002013
46002014
46002015
46002016
46005012
46005013
46007010
46007011
46016006
46016007
47001013
47001014
47001015
47001016
47012002
47012003
47013012
47013013
47013014
48001015
48001016
49001008
49001009
49003003
49003004
49006021
49006022
51004007
51004008
52005001
52005002
53002016
53002017
54001012
54001013
54004009
54004010
55002017
55002018
56002003
56002004
58001008
58001010
58001014
58002009
58002013
58004004
58004005
58004006
58004007
58005006
58006004
58006005
58006006
58007018
58007019
58007022
58010008
58010009
58010010
58010017
58010018
58013020
58013021
60001018
60001019
60002008
60002009
60002010
61001017
61001018
62003019
62003020
66004009
66004010
