40001022
40001023
40002005
40002006
40002015
40002017
40002018
40003003
40004004
40004006
40004007
40004010
40004014
40004016
40005021
40005027
40005031
40005033
40005038
40005043
40008017
40009013
40011010
40012007
40012017
40012021
40013014
40013015
40013035
40015004
40015007
40015009
40018010
40019005
40019018
40019019
40020016
40021004
40021005
40021013
40021016
40021042
40022024
40022031
40022032
40022037
40022039
40022043
40022044
40023038
40026031
40027009
40027010
41005036
41007006
41007007
41007010
41007015
41009043
41009045
41010019
41011017
41012010
41012011
41012019
41012026
41012029
41012030
41012031
41012036
41014027
41015027
42002023
42002024
42003004
42003006
42004004
42004008
42004010
42004011
42004012
42004017
42004019
42007027
42010027
42013035
42017035
42018020
42019046
42020017
42020028
42020042
42020043
42022037
42023016
43001023
43002017
43006031
43006032
43006045
43010034
43012014
43012015
43012038
43012039
43012040
43013018
43015025
43019024
43019036
43019037
44001020
44002016
44002021
44002025
44002028
44002034
44002035
44003022
44003023
44003025
44004025
44004026
44007003
44007006
44007007
44007027
44007028
44007031
44007032
44007033
44007034
44007035
44007037
44007040
44007042
44007043
44007048
44007049
44007050
44008032
44008033
44008036
44013022
44013033
44013034
44013035
44013040
44013041
44013047
44015015
44015018
44015033
44023005
44024006
44028025
44028027
44028028
45001017
45002024
45003004
45003010
45003018
45004003
45004006
45004008
45004009
45004017
45004018
45004022
45007007
45008036
45009007
45009009
45009012
45009013
45009015
45009017
45009025
45009026
45009027
45009028
45009029
45009033
45010005
45010006
45010007
45010008
45010011
45010013
45010015
45010016
45010018
45010019
45010020
45010021
45011002
45011003
45011004
45011008
45011009
45011010
45011026
45011027
45011030
45011034
45011035
45012019
45012020
45013009
45014011
45015003
45015009
45015010
45015011
45015012
45015021
45016023
46001019
46001031
46002009
46002016
46003019
46003020
46006016
46009009
46010007
46010026
46014021
46015054
46015055
47004013
47006002
47006016
47006017
47006018
47008015
47009009
47010016
47010017
47013001
48003006
48003008
48003010
48003011
48003012
48003013
48003016
48004027
48004030
48005014
49004008
49005030
49005031
49006002
49006003
54005018
58001005
58001006
58001007
58001008
58001009
58001010
58001012
58001013
58002006
58002008
58002009
58002012
58002013
58003007
58003011
58003013
58003015
58004003
58004004
58004005
58004007
58005005
58005006
58006014
58007017
58007021
58008005
58008008
58008012
58008013
58009020
58010005
58010007
58010008
58010009
58010015
58010016
58010017
58010030
58010037
58010038
58011018
58012005
58012006
58012020
58012021
58012026
58013005
58013006
59002008
59002011
59002023
59004006
60001016
60001024
60001025
60002006
60002007
60002008
60002010
60003010
60003012
60004008
