40001002
40001003
40001004
40001005
40001006
40001007
40001008
40001009
40001010
40001011
40001012
40001013
40001014
40001015
40001023
40001024
40001025
40002006
40002018
40004015
40004016
40005003
40005004
40005005
40005006
40005007
40005008
40005009
40005010
40006010
40006011
40006012
40006013
40011011
40011012
40011013
40011014
40011015
40011017
40011018
40011019
40012018
40012019
40012020
40012021
40013015
40015008
40015009
40021005
40022044
40022045
40022046
40026032
40026033
40026034
40026035
41001003
41007007
41007008
41012011
41014028
41014029
41014030
41014031
42001047
42001048
42001049
42001050
42001051
42001052
42001053
42001054
42001055
42001068
42001069
42001070
42001071
42001072
42001073
42001074
42001075
42001076
42001077
42001078
42001079
42002014
42002029
42002030
42002031
42002032
42003005
42003006
42004011
42004018
42004019
42006021
42006024
42006025
42006026
42007028
42007033
42007034
42007035
42011003
42011004
42020018
42020043
42020044
43012015
43012016
43012040
44001021
44001022
44002017
44002018
44002019
44002020
44002021
44002026
44002027
44002028
44002035
44004012
44004026
44007043
44007044
44007045
44007046
44007047
44007049
44007050
44008033
44013034
44013035
44013036
44013037
44013038
44013039
44013040
44013041
44015016
44015017
44015018
44015024
44015025
44015026
44015027
44015028
44015029
44017029
44017030
44017031
44028027
45003011
45003012
45003013
45003014
45003015
45003016
45003017
45003018
45004007
45004008
45009026
45009027
45009028
45009029
45010019
45010020
45010021
45011009
45011010
45011027
45011034
45011035
45011036
45014012
45015010
45015011
45015012
46001020
46015055
46015056
46015057
47006017
47006018
49004009
49004010
49004011
49004012
49004013
49004014
49004015
49004016
50002006
50002007
50002008
50002009
50002010
50002011
51001016
51001017
51001018
51001019
51001020
55002012
55002013
58001006
58001007
58001008
58001009
58001010
58001011
58001012
58001013
58002007
58002008
58002009
58002010
58002013
58003008
58003009
58003010
58003011
58004004
58004005
58004006
58004007
58005006
58008009
58008010
58008011
58008012
58010006
58010007
58010016
58010017
58010018
58010038
58010039
58012006
58012007
58012008
58012009
58012010
58012011
59001007
59001008
60001025
60002007
60002008
60003011
60003012
60004019
62002012
62002013
62002014
66001007
66004011
66005010
66011018
66013009
66013010
66015004
66016006
66016007
66018005
66018006
66018007
66018008
