06001002
19119001
19119002
19119003
19119004
19119005
19119006
19119007
19119008
19119009
19119010
19119011
19119012
19119013
19119014
19119015
19119016
19119017
19119018
19119019
19119020
19119021
19119022
19119023
19119024
19119025
19119026
19119027
19119028
19119029
19119030
19119031
19119032
19119033
19119034
19119035
19119036
19119037
19119038
19119039
19119040
19119041
19119042
19119043
19119044
19119045
19119046
19119047
19119048
19119049
19119050
19119051
19119052
19119053
19119054
19119055
19119056
19119073
19119074
19119075
19119076
19119077
19119078
19119079
19119080
19119081
19119082
19119083
19119084
19119085
19119086
19119087
19119088
19119113
19119114
19119115
19119116
19119117
19119118
19119119
19119120
19119121
19119122
19119123
19119124
19119125
19119126
19119127
19119128
19119145
19119146
19119147
19119148
19119149
19119150
19119151
19119152
19119161
19119162
19119163
19119164
19119165
19119166
19119167
19119168
45013009
46010010
46011020
58001007
