40002009
40002010
40006014
40006015
40011018
40011019
40013014
40013016
40013017
40022045
40022046
40026032
41001004
41001005
41001006
41001007
41001008
41005007
41005008
41007008
41007009
41007010
41007011
41007012
41007013
41012037
41014028
42007028
42007029
42007033
42007034
42007035
42020018
42020044
42023050
42023051
43005034
43005035
43006023
43006024
43012014
43012015
43017002
43017003
43017004
43017005
43017006
43017007
43017008
43017009
43017010
43017011
43017012
43017013
43017014
43017015
43017016
43017017
43017018
43017019
43017020
43017021
43017022
43017023
43017024
43017025
43017026
44001021
44001022
44004027
44004028
44004029
44004030
44010045
44010046
44013038
44013039
44015024
44015025
44015026
44015027
44015028
44015029
44020008
44020009
44023026
44023027
44023028
44023029
44023030
45004009
45004010
45004011
45004012
45008037
45008038
45008039
45009011
45009012
45009016
45009017
45009018
45009026
45010019
45010020
45010021
45011028
45012020
45012021
45014012
45015010
45015011
45015012
45016003
45016004
45016005
45016006
45016007
45016008
45016009
45016010
45016011
45016012
45016013
45016014
45016015
45016016
46002001
46002002
46002003
46002004
46002005
46002010
46011001
46014022
46014023
46014024
46014025
46015033
46015034
46015051
46015052
46015056
46015057
47002001
47002002
47002003
47002004
47003001
47003002
47003003
47009001
47009002
47009003
47009004
47009005
47009010
47009011
47012002
47012003
49004009
49004010
49004011
49004012
49004013
51004001
54001001
54001002
54002001
54002002
54006001
54006002
55001001
55001002
58001006
58001007
58001008
58001010
58001013
58001014
58002009
58002013
58004008
58004009
58004010
58004011
58005006
58007020
58007021
58010007
58010008
58010009
58010010
58010017
58010018
58010039
58013006
60002007
60002008
60002023
60002024
60002025
60003001
60003002
66002002
66002003
66002004
66002005
66002006
66002007
66002009
66002010
66002011
66002013
66002014
66002015
66002016
66002017
66002019
66002020
66002021
66002022
66002023
66002024
66002025
66002026
66002027
66002028
66002029
66003002
66003003
66003004
66003005
66003006
66003008
66003009
66003010
66003011
66003012
66003013
66003015
66003016
66003017
66003018
66003019
66003020
66003021
66003022
66004009
66004010
66004011
66017006
66017007
66017008
66017009
66017010
66017011
66017012
66017013
66017014
