40002001
40002005
40002017
40003001
40006003
40006017
40006019
40006020
40007001
40007007
40007009
40007013
40007028
40008005
40008016
40009020
40010005
40012036
40013014
40013016
40013034
40018019
40021004
40021021
40022031
40022035
40022043
40023038
40024020
40026065
40027003
40027009
40027017
40027039
41001007
41001014
41001045
41002006
41006017
41012010
41012038
41015029
42001003
42002022
42002023
42002024
42002029
42002030
42002031
42002032
42004009
42004010
42004011
42004021
42004022
42009055
42010023
42011009
42012011
42012033
42014010
42015023
42016027
42017012
42017020
42018029
42018040
42019009
42019020
42020041
42020042
42022015
42022017
42022029
42022066
42023028
42023030
42023036
42024006
43002024
43004023
43005022
43005041
43005042
43006032
43006039
43007003
43007004
43012007
43012010
43012037
43012039
43012042
43012048
43012049
43017001
43018008
43018031
44001004
44001019
44001021
44002034
44004019
44004021
44004027
44004029
44005019
44005022
44005027
44005038
44007042
44007048
44007049
44009001
44009015
44010019
44010045
44011002
44011023
44013032
44013038
44013040
44013046
44015015
44015016
44015017
44015019
44015020
44015028
44017026
44017027
44017028
44017030
44018009
44018012
44020022
44024020
44026002
44026022
44028026
45001009
45001010
45001011
45001022
45001024
45002014
45006008
45006017
45008012
45008014
45008037
45008038
45009001
45009011
45009012
45009025
45009027
45010001
45010003
45010012
45011002
45011007
45011013
45011026
45011028
45011030
45011031
45014010
45015007
45015015
45015017
45015018
45015020
45015030
45015031
45015032
46001018
46001030
46002001
46002006
46003021
46005003
46005004
46007012
46007013
46007015
46007022
46007023
46014013
46014032
46015001
47002008
47002010
47003010
47004001
47008016
47009001
47009008
47012021
48004001
48004017
48004018
48006004
49001011
49002001
49002008
49002019
50001009
50001010
50001027
50001029
50002012
50002014
50002015
50003010
51001022
51002020
51002021
51002022
52002015
52003012
52004001
52004006
52004011
52005001
53001011
53002001
53002003
53002011
53003001
53003009
54002001
54002003
54003012
54005009
54005017
54006004
55001006
55003016
55004001
55004002
55004003
56002009
56003010
57001004
57001005
57001006
58002011
58003001
58006001
58006011
58006013
58007016
58007020
58008001
58008011
58009019
58012005
59001007
59002012
60001008
60003001
60003003
60003010
60003011
60004001
61003001
66001010
66005009
66007011
66007016
66009013
66015003
66018004
66019001
