01033012
02004026
02017016
02019002
02027015
02028014
02028034
02033022
02038015
03006005
03011030
03013041
03014056
03017004
03018013
03018027
03021012
03022027
03023010
03023024
03023027
03023034
03024011
03025052
03026035
04001021
04001022
04001023
04001024
04001025
04001026
04001027
04001028
04001029
04001030
04001031
04001032
04001033
04001034
04001035
04001036
04001037
04001038
04001039
04001040
04001041
04001042
04001043
04001044
04001045
04001046
04002004
04002006
04002008
04002011
04002013
04002015
04002019
04002021
04002023
04002026
04002028
04002030
04003013
04003041
04004037
04005013
04005030
04006007
04009016
04011009
04014037
04015005
04016002
04016007
04026004
04026020
04026021
04026055
04029034
04029038
04031023
04032004
04033056
04036011
05001021
05004046
05016006
05019003
05025014
05028055
05028057
06008026
06011018
06014004
06021042
06022007
06022008
07001019
07001023
07013016
07013021
07014013
07016025
07018028
07019011
07019013
07020016
07020023
07020028
08002016
09001010
09003007
09009013
09014026
09025003
10001016
10003010
10007011
10013038
10024012
11007003
11008042
11011010
11011016
11012027
12009015
12012022
13002027
13004004
13004018
13008007
13009008
13011013
13015024
13016013
13017010
13023011
13024029
13026007
14003012
14004008
14008008
14012008
14018034
14022003
14028006
14028017
14032004
15001010
15002062
15007009
15008027
16009002
17006008
18003003
18005013
18009022
18009028
18012002
18012013
18013002
18015027
18016002
18020013
18021024
18023017
18036002
18040004
19007005
19012008
19012009
19019005
19032004
19033014
19042008
19098008
19102011
19105006
19116019
19119034
19124002
20006017
20006019
20008005
20008012
20026019
21003002
21004014
23059006
23063013
23065022
23066022
24001019
24007002
24009006
24009026
24022002
24025037
24026018
24027020
24029025
24029032
24030022
24030024
24033018
24035010
24035013
24041018
24042014
24044025
26003009
26004005
26010010
26023015
26027019
26040009
26040030
26042008
26042010
26046022
26048022
27002040
27010021
28002005
28002022
37001003
40009021
41005008
41006056
41007026
41015025
41015041
42001074
42007005
42008003
42008029
42010006
42023051
43004002
43004008
43005033
43006023
43010035
43013032
44001022
44020005
45009012
47001016
47002006
47003015
49005012
50003011
53001007
54002002
54005010
55004012
58007014
58009017
58012020
59001008
60001019
60002014
62003020
66002025
