44015024
44015025
44015026
44015027
44015028
44015029
44023026
44023027
44023028
44023029
44023030
45010019
45010021
45011028
45011029
45011030
45011031
45011032
45011035
45011036
46001020
46014022
48004028
48004029
48004030
48004031
49004009
49004010
49004011
49004012
49004013
49004014
49004015
49004016
58001006
58001007
58001008
58001010
58001013
58002009
58002010
58002013
58003016
58003017
58003018
58003019
58004004
58004005
58004006
58004007
58005006
58007018
58007019
58007022
58008013
58010008
58010009
58010010
58010018
58010039
58012007
58012008
58012009
58012010
58012011
60002007
60004019
66005013
66005014
66018015
66018016
66019004
66019005
66019006
