01001001
01005002
01006002
01006009
01006010
01010011
01010012
01010013
01010014
01014001
01015002
01015003
01015011
01016001
01017001
01017024
01017025
01017026
01017027
01018001
01019001
01019012
01019013
01020001
01020017
01020018
01021001
01021002
01021020
01021021
01022001
01023001
01024001
01024029
01024030
01025001
01026001
01027001
01028001
01029001
01029014
01030001
01031001
01031034
01031035
01031051
01031052
01031055
01032011
01032023
01032024
01033001
01034001
01034003
01035001
01036001
01036015
01036016
01036020
01036021
01036029
01036030
01036032
01036033
01036034
01036035
01036036
01036037
01036038
01036039
01036041
01036042
01036043
01037001
01038001
01039001
01040001
01041001
01041019
01041020
01042001
01043001
01044001
01045001
01046001
01046006
01046007
01046034
01047001
01048001
01048008
01048009
01048010
01049029
01049030
01050001
02001002
02001003
02001004
02001014
02001020
02001021
02006001
02006014
02006017
02006018
02006019
02007001
02007008
02007009
02007010
02007011
02007012
02007013
02007014
02007015
02007016
02007017
02007018
02007019
02007020
02007021
02007022
02007023
02007024
02007025
08001003
08001004
08001005
32001001
32002001
32003001
32004001
43001001
43001004
43002001
43003001
43003034
43004002
43004003
43004008
43004034
43005001
43006001
43007001
43008001
43009001
43010001
43011001
43012001
43013001
43014001
43015001
43016001
43017001
43018001
43019001
43020001
43021001
57001002
