40001023
40002006
40002018
40004015
40004016
40012019
40012020
40012021
40015008
40015009
40021005
40022044
40027010
41001003
41007007
41012011
42001047
42001048
42001049
42001050
42001051
42001052
42001053
42001054
42001055
42001068
42001069
42001070
42001071
42001072
42001073
42001074
42001075
42001076
42001077
42001078
42001079
42002014
42002029
42002030
42002031
42002032
42003005
42003006
42004011
42004018
42004019
42007028
42011003
42011004
42020018
42020043
42020044
43004007
43004008
43010014
43010015
43012015
43012040
43012041
43013002
43013003
43013004
44001021
44001022
44002017
44002018
44002019
44002020
44002021
44002026
44002027
44002028
44002035
44003023
44004026
44007043
44007049
44007050
44008033
44013041
44015016
44015017
44015018
44024002
44024003
44028026
44028027
44028028
45003011
45003012
45003013
45003014
45003015
45003016
45003017
45003018
45004008
45009011
45009012
45009013
45009026
45009028
45010019
45010020
45010021
45011010
45011027
45011035
45014012
45015010
45015011
45015012
46002010
46005012
46005013
46006009
46006010
46015055
47006017
47006018
47009010
47009011
47009012
47009013
47009014
47009015
54006016
55002012
55002013
58001006
58001007
58001008
58001009
58001010
58001011
58001012
58001013
58001014
58002007
58002008
58002009
58002013
58003008
58003009
58003010
58003011
58004005
58004008
58004009
58004010
58004011
58005006
58007018
58007019
58007022
58008009
58008010
58008011
58008012
58008013
58010006
58010007
58010008
58010009
58010010
58010016
58010017
58010018
58010038
58010039
58012006
58012007
58012008
58012009
58012010
58012011
60001025
60002007
60002008
60003011
60003012
60005006
60005007
65001024
65001025
66001007
66004011
66005010
66007011
66007012
66007015
66007016
66007017
66011016
66011017
66011018
66012011
66012012
66013009
66013010
66015004
66016006
66018003
66018004
66018005
66018006
66018007
66018008
66018017
66018022
66018023
66019002
66019003
66019005
66019007
66019008
