40011011
40022045
41007008
42003001
42003002
42007028
42008031
42008032
42008033
42020044
42023050
42023051
44017021
44023026
44023027
44023028
44023029
44023030
44024002
44024003
44028028
45009027
45009028
45009029
45010019
45010020
45010021
45015010
45015011
45015012
46002010
47001015
47001016
47009010
47009011
47009012
47009013
47009014
47009015
47012003
47012004
53002001
53002002
53002016
53002017
58001006
58001007
58001008
58001010
58001013
58001014
58002009
58002013
58003016
58003017
58003018
58003019
58004004
58004005
58004006
58004007
58005006
58005007
58005008
58005009
58005010
58007018
58007019
58007022
58007023
58007024
58007025
58008013
58010008
58010009
58010010
58010017
58010018
58010039
58012007
58012008
58012009
58012010
58012011
59002002
59002003
60005006
60005007
65001024
65001025
66002026
66002027
66007011
66007012
66011016
66011017
