40002009
40002010
40007003
40007004
40007005
40009005
40009006
40014003
40014004
41001043
41001044
41003007
41003008
41007021
41007022
42009002
42009003
42009004
42009005
42011034
42011035
42023050
42023051
43004001
43004002
44001021
44001022
45001009
45001010
45002001
45002002
45009011
45009012
46005003
46005004
46005012
46005013
46010028
46010029
46011020
46011021
46015030
46015031
47001003
47001004
47001015
47001016
47008013
47008014
49006021
49006022
50001022
50001023
56002012
56002013
58013020
58013021
59001007
59001008
59005019
59005020
60002019
60002020
66002026
66002027
66002028
