40001024
40001025
40011011
40011012
40011013
40011014
40011015
40011018
40011019
40013016
40013017
40021043
40022045
40022046
40026032
40026033
40026034
40026035
41001004
41001005
41001006
41001007
41001008
41007008
41012012
41012037
41013026
41013027
41014028
41014029
41014030
41014031
41014063
41014064
41014065
42001080
42002033
42002034
42002035
42004012
42004013
42007028
42007029
42007030
42007031
42007032
42007033
42007034
42007035
42019039
42019040
42019041
42019042
42019043
42019044
42020018
42020019
42020044
43001024
43001025
43001026
43001027
43001028
43012016
43012017
43012018
43012019
43012039
43012041
43012042
43012043
43019025
43019026
43019027
44001021
44001022
44002032
44002033
44002034
44002036
44004012
44004027
44004028
44004029
44004030
44004031
44015019
44015020
44015021
44028028
45003005
45003006
45003007
45003008
45009016
45009017
45009018
45010009
45010010
45010011
45010012
45010013
45010019
45010020
45010021
45011009
45011028
45011029
45011030
45011031
45011032
45011036
45014012
45015010
45015011
45015012
45015013
46003020
46006017
46009010
46009011
46009012
46009013
46009014
46010008
46010009
46010010
46014022
46014023
46014024
46014025
46015033
46015034
46015056
46015057
46015058
47006017
48004028
48004029
48004030
48004031
49004026
49004027
49004028
49004029
49004030
49004031
49004032
55002014
55002015
55002016
55002017
55002018
55002019
55002020
55002021
58001006
58001008
58001010
58001013
58002009
58002013
58004004
58004005
58005007
58005008
58005009
58005010
58007022
58008013
58010017
58010018
58010039
60002007
60002008
60002009
60002010
60002023
60002024
60002025
60004019
65001010
65001011
66004009
66004010
66005013
66016007
