40001002
40001003
40001004
40001005
40001006
40001007
40001008
40001009
40001010
40001011
40001012
40001013
40001014
40001015
40001016
42003024
42003025
42003026
42003027
42003028
42003029
42003030
42003031
42003032
42003033
42003034
42003035
42003036
42003037
42003038
43010014
43010015
44001016
44001017
44001021
44001022
44001024
44001025
44003009
44003010
44005005
44005006
44011023
44011024
44013038
44013039
44015024
44015025
44015026
44015027
44015028
44015029
44020037
44020038
44023027
44023028
44023029
44023030
44028010
44028011
45001003
45001004
45009011
45009012
46005012
46005013
46006009
46006010
46012018
46012019
47001013
47001014
47012003
47012004
48003027
48003028
53002016
53002017
58006004
58006005
58006006
58013020
58013021
59001007
59001008
62003019
62003020
66001004
66007005
66007006
66007007
66007008
