01006019
01006020
01007008
01007009
01007015
01007016
01009012
01009013
01009014
01009015
01015021
01016015
01016016
01017011
01017012
01020017
01020018
01021020
01021021
01022008
01022009
01023017
01023018
01024061
01025007
01025008
01025012
01025013
01036010
01036011
01036012
01036013
01036020
01036021
01036025
01036026
01036029
01036030
01036031
01036032
01036033
01036034
01036035
01036036
01036037
01036038
01036039
01036040
01036041
01036042
01036043
01041045
01041046
01044030
01044031
01047014
01047015
01050016
01050017
02001013
02001014
02001020
02001021
02002015
02002016
02004025
02004026
02012019
02012020
02019001
02019002
02024016
02024017
02025019
02025020
02027014
02027015
02028011
02028012
02028033
02028034
02029017
02029018
02037007
02037008
02037009
02038014
02038015
02039024
02039025
02039026
03006016
03006017
03006019
03006020
03007032
03007033
03008002
03008003
03008020
03008021
03011002
03011003
03011004
03011005
03011006
03011013
03011014
03011015
03011016
03011017
03011018
03011019
03011024
03011025
03011026
03011027
03011028
03011029
03011030
03011041
03011042
03013040
03013041
03014030
03014031
03014055
03014056
03015005
03015006
03015021
03015022
03015023
03017003
03017004
03018026
03018027
03019027
03019028
03023023
03023024
03023026
03023027
03023033
03023034
03024010
03024011
03025051
03025052
03026034
03026035
04001002
04001003
04001005
04001006
04001007
04001008
04001009
04001010
04001011
04001012
04001013
04001014
04001015
04001020
04001021
04001022
04001023
04001024
04001025
04001026
04001027
04001028
04001029
04001030
04001031
04001032
04001033
04001034
04001035
04001036
04001037
04001038
04001039
04001040
04001041
04001042
04001043
04001044
04001045
04001046
04002003
04002004
04002005
04002006
04002007
04002008
04002009
04002010
04002011
04002012
04002013
04002014
04002015
04002016
04002018
04002019
04002020
04002021
04002022
04002023
04002024
04002025
04002026
04002027
04002028
04002029
04002030
04002031
04003012
04003013
04003017
04003018
04003019
04003020
04003040
04003041
04004018
04004019
04004034
04004035
04004036
04004037
04004038
04004039
04004040
04004041
04004042
04004043
04004044
04004045
04004046
04004047
04004048
04004049
04005012
04005013
04005014
04005029
04005030
04006006
04006007
04007012
04007013
04007014
04007015
04007016
04007017
04007018
04007019
04007020
04007021
04007022
04007023
04007024
04007025
04007026
04007027
04007028
04007029
04007030
04007031
04007032
04007033
04007034
04007035
04007036
04007037
04007038
04007039
04007040
04007041
04007042
04007043
04007044
04007045
04007046
04007047
04007048
04007049
04007050
04007051
04007052
04007053
04007054
04007055
04007056
04007057
04007058
04007059
04007060
04007061
04007062
04007063
04007064
04007065
04007066
04007067
04007068
04007069
04007070
04007071
04007072
04007073
04007074
04007075
04007076
04007077
04007078
04007079
04007080
04007081
04007082
04007083
04007084
04007085
04007086
04007087
04007088
04009002
04009003
04009015
04009016
04011008
04011009
04013003
04013004
04013005
04013006
04013007
04013008
04013009
04013010
04013011
04013012
04013013
04013014
04013015
04014036
04014037
04015008
04015009
04016001
04016002
04016006
04016007
04016016
04016017
04018012
04018013
04026003
04026004
04026019
04026020
04026021
04029018
04029019
04029021
04029022
04029024
04029025
04029027
04029028
04029030
04029031
04029033
04029034
04029037
04029038
04031022
04031023
04032003
04032004
04033015
04033016
04033017
04033018
04033019
04033020
04033021
04033022
04033023
04033024
04033025
04033026
04033027
04033028
04033029
04033030
04033031
04033032
04033033
04033034
04033035
04033036
04033037
04033038
04033039
04033041
04033042
04033043
04033044
04033045
04033046
04033047
04033048
04033049
04034014
04034015
04034019
04034020
04034021
04034022
04034023
04034024
04034025
04034026
04034027
04034028
04035016
04035017
04035018
04036010
04036011
05002034
05002035
05004044
05004045
05004046
05014012
05014013
05014014
05014015
05014016
05014017
05014018
05016005
05016006
05019002
05019003
05025013
05025014
05027003
05027004
05028054
05028055
05028056
05028057
06002004
06002005
06002006
06003014
06003015
06005004
06005005
06005006
06010014
06011017
06011018
06013002
06013003
06013004
06013005
06013006
06013007
06014003
06014004
06015037
06015038
06015039
06015040
06015041
06015042
06015043
06015044
06021009
06021010
06021041
06021042
06024005
06024006
07001018
07001019
07001022
07001023
07006006
07006007
07016024
07016025
07019012
07019013
07020027
07020028
09001009
09001010
09009009
09009010
09009011
10023025
10023026
10023027
10023028
10023029
10023030
10023031
10023032
10023033
10023034
10023035
10023036
10023037
10023038
10023039
11004003
11004004
11004005
11004006
11004009
11004010
11004011
11004012
11004013
11004014
11004015
11004016
11004017
11004018
11004019
11006024
11006025
11007041
11007042
11007043
11007044
11007045
11007049
11007050
11012017
11012018
11012019
13004017
13004018
13008006
13008007
13008017
13008018
13008019
13008020
13008021
13008022
13008023
13008024
13008025
13008026
13008027
13011027
13011028
13011029
13011030
13011031
13011032
13011033
13011034
13011035
13011036
13011037
13011038
13011039
13011040
13011041
13011042
13011043
13011044
13011045
13011046
13011047
13012025
13012026
13012027
13012028
13012029
13012030
13012031
13012032
13012033
13012034
13012035
13012036
13012037
13012038
13015005
13015006
13015007
13015008
13015009
13015010
13023010
13023011
13024008
13024009
13024010
13024011
13024012
13024013
13024014
13024015
13024016
13024017
13024018
13024021
13024022
13024023
13024024
13024025
13024026
13024027
13024028
13024029
13024030
13025010
13025011
13025012
13025013
13025014
13025015
13025016
13025017
13025018
13025019
13025020
13025021
13025022
13025023
13025024
13025025
13025026
13025027
13025028
13025029
13025030
13025031
13026004
13026005
13026010
13026011
13027002
13027003
13027004
13027005
13027006
13027007
13027008
13027009
13027010
13027011
13027012
13027013
13027014
13027015
13027017
13027018
13027019
13027020
13027021
13027022
13027026
13027027
13027028
13027029
13027030
13027031
14003011
14003012
14004012
14004013
14004014
14004015
14004016
14004020
14004021
14004022
14010017
14010018
14010019
14017015
14017016
14017017
14017018
14029013
14029014
15001010
15002003
15002004
15002005
15002006
15002007
15002008
15002009
15002010
15002011
15002012
15002013
15002014
15002015
15002016
15002017
15002018
15002019
15002020
15002021
15002022
15002023
15002024
15002025
15002026
15002027
15002028
15002029
15002030
15002031
15002032
15002033
15002034
15002035
15002036
15002037
15002038
15002039
15002040
15002041
15002042
15002043
15002044
15002045
15002046
15002047
15002048
15002049
15002050
15002051
15002052
15002053
15002054
15002055
15002056
15002057
15002058
15002059
15002060
15002061
15008002
15008003
15008004
15008005
15008006
15008007
15008008
15008009
15008010
15008011
15008012
15008013
15008014
15008027
15010019
15010020
15010021
15010022
15010023
15010024
15010025
15010026
15010027
15010028
15010029
15010030
15010031
15010032
15010033
15010034
15010035
15010036
15010037
15010038
15010039
15010040
15010041
15010042
15010043
16007008
16007009
16007010
16007011
16007012
16007013
16007014
16007015
16007016
16007017
16007018
16007019
16007020
16007021
16007022
16007023
16007024
16007025
16007026
16007027
16007028
16007029
16007030
16007031
16007032
16007033
16007034
16007035
16007036
16007037
16007038
16007039
16007040
16007041
16007042
16007043
16007044
16007045
16007046
16007047
16007048
16007049
16007050
16007051
16007052
16007053
16007054
16007055
16007056
16007057
16007058
16007059
16007060
16007061
16007062
16007063
16007064
16007065
16007066
16007067
16007068
16007069
16007070
16007071
16007072
16007073
16008001
16010003
16010004
16010005
16010006
16010007
16010008
16010009
16010010
16010011
16010012
16010013
16010014
16010015
16010016
16010017
16010018
16010019
16010020
16010021
16010022
16010023
16010024
16010025
16010026
16010027
16012013
16012014
16012015
16012016
16012017
16012018
16012019
16012020
16012021
18014018
18014019
19012007
19012008
24027019
24027020
24029031
24029032
24033004
24033005
24039001
24039002
24039003
24039004
24052029
24052030
26002001
26002002
26002003
26002004
26002005
26002006
26002007
26002008
26023029
26023030
26047016
26047017
26047018
26047019
26047020
27011001
28007001
40011011
40011012
40011013
40011014
40011015
40011018
40011019
40013016
40013017
40022045
40022046
41007008
41012037
41015042
41015043
42007028
42007033
42007034
42007035
42020018
42020044
43004001
43004002
43010014
43010015
43013002
43013003
44001021
44001022
44004012
44004027
44004028
44004029
44004030
44008027
44008028
44013034
44013035
44013038
44013039
44015018
44015019
44015020
44015021
45008037
45008038
45008039
45009011
45009012
45009027
45009028
45009029
45010019
45010020
45010021
45014012
45015010
45015011
45015012
46005012
46005013
46014022
46015056
46015057
47001021
47001022
47006017
47008013
47008014
47009010
47009011
47009012
47009013
47009014
47009015
47012003
47012004
49004009
49004010
49004011
49004012
49004013
49004014
49004015
49004016
50001016
50001017
58001006
58001014
58002009
58002010
58002011
58002012
58002013
58003016
58003017
58003018
58003019
58004004
58004005
58004006
58004007
58005006
58006004
58006005
58006006
58007022
58010005
58010008
58010009
58010010
58010017
58010018
58010031
58010039
58012007
58012008
58012009
58012010
58012011
60002007
60002008
60004019
61002007
61002008
66005014
