01001014
01001015
01001027
01001028
01002019
01002020
01004024
01008022
01009006
01009007
01009026
01009027
01014008
01014009
01014020
01015002
01015003
01016010
01016011
01016012
01017024
01017025
01021020
01021021
01025023
01027028
01027029
01027040
01030038
01030039
01031017
01031018
01035012
01048016
02001020
02001021
02005013
02005014
02014021
02014022
02015002
02015003
02015004
02015005
02015006
02015007
02015008
02015009
02015010
02015011
02015012
02015013
02015014
02015015
02015016
02015017
02015018
02017016
02040020
02040021
03024010
03024011
03024015
03024016
04001017
04001018
04001020
04001021
04001022
04001023
04001024
04001025
04001026
04001027
04001028
04001029
04001030
04001031
04001032
04001033
04001034
04001035
04001036
04001037
04001038
04001039
04001040
04001041
04001042
04001043
04004031
04004032
04006024
04006025
04006026
04007019
04007020
04007021
04007022
04007023
04007025
04007026
04007027
04007028
04007029
04007031
04007032
04007033
04007034
04007035
04007037
04007038
04007039
04007040
04007041
04007043
04007044
04007045
04007046
04007047
04007049
04007050
04007051
04007052
04007053
04007055
04007056
04007057
04007058
04007059
04007061
04007062
04007063
04007064
04007065
04007067
04007068
04007069
04007070
04007071
04007073
04007074
04007075
04007076
04007077
04007079
04007080
04007081
04007082
04007083
04014036
04014037
04021015
04021018
04021028
04021029
04021030
04023008
04023009
04023010
04023019
04023020
04023021
04023022
04023023
04023024
04024004
04024005
04024006
04024007
04024008
04024009
04024016
04024017
04024018
04024019
04024021
04024022
04024024
04027016
04027017
04034014
04034015
04036010
04036011
05001003
05001004
05012029
05012030
05025013
05025014
05026006
05026007
05026008
05026009
05026010
05026014
05026015
05027005
05027006
05032001
05032002
05032003
05032004
05032005
05032006
05032007
05032008
05032009
05032010
05032011
05032012
05032013
05032014
05032015
05032016
05032017
05032018
05032019
05032020
05032021
05032022
05032023
05032024
05032025
05032026
05032027
05032028
05032029
05032030
05032031
05032032
05032033
05032034
05032035
05032036
05032037
05032038
05032039
05032040
05032041
05032042
05032043
05032044
05032045
05033003
05033004
05033005
05033006
05033007
05033008
05033009
05033010
05033011
05033012
05033013
05033014
05033015
05033016
05033017
05033018
05033019
05033020
05033021
05033022
05033023
05033024
05033025
05033026
05033027
05033028
05033029
06010001
06010002
06010013
06010014
06010041
06010042
06021001
06021002
06023012
06023013
07001004
07001005
07001022
07001023
07001031
07001032
07005002
07005003
07005004
07005005
07005006
07005007
07005008
07005009
07005010
07005011
07005012
07005013
07005014
07005015
07005016
07005017
07005018
07005019
07005020
07005021
07005022
07005023
07005024
07005025
07005026
07005027
07005028
07005029
07005030
07005031
07008029
07008030
07013015
07013016
07017002
07017003
07020022
07020023
07020024
07020027
07020028
07021010
07021011
08001001
08001002
09002002
09002003
09002004
09002005
09002006
09002007
09002008
09002009
09002010
09004021
09004022
09015023
09017013
09017014
09020015
09020016
09025004
09025005
09030009
09030010
10001019
10001020
10001021
10001022
10001023
10001024
10001025
10001026
10001027
10003034
10006003
10006004
10011002
10011003
10011004
10013037
10013038
10019001
10019002
10022003
10022004
10022005
10022006
10022007
10022008
10022009
10022010
10022011
10022012
10022013
10022014
10022015
10022016
10022017
10022018
10022019
10022020
10022021
10022022
10022023
10022024
10022025
10022026
10022027
10022028
10022029
10022030
10022031
10022032
10022033
10022034
10022035
10022036
10022037
10022038
10022039
10022040
10022041
10022042
10022043
10022044
10022045
10022046
10022047
10022048
10022049
10022050
10022051
10023002
10023003
10023004
10023005
10023006
10023007
11004009
11004010
11004011
11004012
11004013
11004014
11004015
11004016
11004017
11004018
11004019
11008012
11008013
11008038
11008039
11010001
11010002
11015006
11015007
11020002
11020003
11022017
12012002
12012003
12012004
12012005
12012006
12017040
12017041
12019022
12019023
12019024
12019025
12019026
12019027
12019028
12019029
12019030
12019031
12019032
12019033
12019034
12025020
12025021
13003010
13003011
13003012
13003013
13003014
13004003
13004004
13004017
13004018
13005001
13005002
13005003
13005004
13005005
13005006
13006020
13006021
13006022
13006023
13006024
13006025
13006026
13006027
13006029
13006030
13006050
13006051
13006052
13006053
13006058
13006059
13006068
13006069
13006072
13006073
13006074
13006075
13006078
13006079
13006080
13006081
13007020
13007021
13007025
13007026
13007027
13016008
13016009
13016010
13016011
13016012
13016013
13016014
13016015
13016016
13016017
13016018
13016019
13016020
13016021
13016022
13016023
13016024
13016025
13016026
13016027
13016028
13016029
13016030
13016031
13016032
13016033
13016034
13016035
13016036
13022015
13022016
13024007
13024008
13024009
13024010
13024011
13024012
13024013
13024014
13024015
13024016
13024017
13024018
13025009
13025010
13025011
13025012
13025013
13025014
13025015
13025016
13025017
13025018
13025019
13025020
13025021
13025022
13025023
13025024
13025025
13025026
13025027
13025028
13025029
13025030
13025031
14006002
14006029
14006030
14006041
14006042
14022003
14022004
14034012
14034013
15002001
15002002
15002003
15002004
15002005
15002006
15002007
15002008
15002009
15002010
15002011
15002012
15002013
15002014
15002015
15002016
15002017
15002018
15002019
15002020
15002021
15002022
15002023
15002024
15002025
15002026
15002027
15002028
15002029
15002030
15002031
15002032
15002033
15002034
15002035
15002036
15002037
15002038
15002039
15004009
15004010
15004011
15004012
15004013
15004014
15004015
15004016
15004018
15004019
15004020
15004021
15004022
15005003
15005004
15005007
15005008
15005009
15005010
15005014
15005015
15005016
15005017
15006003
15006004
15006005
15006007
15006008
15006009
15006010
15006011
15006012
15007008
15007009
15007012
15007013
15007014
15007015
15007016
15007017
15007018
15007019
15007020
15007021
15007022
15007023
15007024
15007025
15007026
15008002
15008003
15008004
15008005
15008006
15008007
15008008
15008009
15008010
15008011
15008012
15008013
15008014
15010015
15010016
16007006
16007007
16007008
16007009
16007010
16007011
16007012
16007013
16007014
16007015
16007016
16007017
16007018
16007019
16007020
16007021
16007022
16007023
16007024
16007025
16007026
16007027
16007028
16007029
16007030
16007031
16007032
16007033
16007034
16007035
16007036
16007037
16007038
16007039
16007040
16007041
16007042
17007008
17007009
17009016
17009017
18032006
18032007
18032008
18032009
18032010
18032011
18032012
18032013
18032014
18032015
18032016
18032017
18032018
18032019
18032020
18032021
18032022
18038002
18038003
18038004
18038005
18038006
18038007
18038008
18038009
18038010
18038011
18038012
18038013
18038014
18038015
18038016
18038017
18038018
18038019
18038020
18038021
18038022
18038023
18038024
18038025
18038026
18038027
18038028
18038029
18038030
18038031
18038032
18038033
18038034
18038035
18038036
18038037
18038038
18038039
18038040
18038041
18040001
18040002
18040003
18040004
18040005
18040007
18040008
18040009
18040010
18040011
18040012
18040013
18040014
18040015
18040016
18040017
18040018
18040019
18040020
18040021
18040022
18040023
18040024
18042001
18042002
18042003
18042004
18042005
18042006
18042016
18042017
19017001
19017002
19017004
19017005
19017006
19017007
19017008
19017009
19017010
19017011
19017012
19017013
19017014
19017015
20024001
20024002
20024003
20024004
20024005
20024006
20024007
20024008
20024009
20024010
20024011
20024012
20024013
20024014
20024015
20024016
20024017
20024018
20024019
20024020
20024021
20024022
20024024
20024025
20024026
20024027
20024028
20024029
20024030
20024031
20024032
20024033
20024034
20030002
20030003
20030004
20030005
20030006
20030007
20030008
20030009
20030010
20030011
20030012
20030013
20030014
20030015
20030016
20030017
20030018
20030019
20030020
20030021
20030022
20030023
20030024
20030025
20030026
20030027
20030028
20030029
20030030
20030031
20030032
20030033
21001001
21001002
21001003
21001004
21001005
21001006
21001007
21001008
21001009
21001010
21001011
21001016
21001017
21003002
21003003
21003004
21003005
21003006
21003007
21003008
21004014
21004015
21007001
21007002
21007003
21007004
21007005
21007006
21007007
21007008
21007016
21007017
21007018
21007019
21009017
21009018
21010001
21010002
21010003
21010004
21010008
21010009
21010010
21010011
21010012
21010013
21010014
21010015
21010016
21010017
21010018
21010019
21010020
21011001
21011002
21011003
21011004
21012008
23001002
23001003
23001004
23001005
23001006
23001007
23001008
23001009
23001010
23001011
23001012
23001013
23001014
23001015
23001016
23001017
23001018
23001019
23001020
23001021
23001022
23001023
23001024
23001025
23001026
23001027
23001028
23001029
23001030
23001031
23002002
23002003
23002004
23002005
23002006
23002007
23002008
23002009
23002010
23002011
23002012
23002013
23002014
23002015
23002016
23002017
23002018
23002019
23002020
23002021
23002022
23006010
23006012
23006013
23007004
23007005
23007006
23007007
23007008
23007009
23007012
23007013
23007014
23007015
23007016
23007017
23007018
23007019
23007020
23008006
23008007
23008008
23008009
23008010
23008016
23008017
23008018
23008019
23008020
23008021
23008022
23009002
23009003
23009004
23009005
23009006
23009007
23009008
23009009
23009010
23009011
23009012
23009013
23009014
23009015
23009016
23009017
23009018
23009019
23009020
23009021
23014005
23014006
23014007
23014008
23014009
23014010
23014011
23014012
23014013
23014014
23014015
23014016
23014017
23014018
23014019
23014020
23014021
23014022
23014023
23014024
23014025
23014026
23014027
23014029
23014030
23014031
23014032
23016001
23016002
23016003
23016004
23016005
23016006
23016007
23016008
23016009
23016010
23016011
23016012
23019001
23019002
23019003
23019004
23019005
23019006
23019007
23019008
23019009
23019010
23019011
23019012
23019013
23019014
23019015
23022001
23022002
23022003
23022004
23022005
23022006
23022007
23022008
23022012
23022013
23022014
23022016
23022017
23022018
23022019
23022020
23022021
23022022
23022023
23022024
23022025
23023001
23023002
23023003
23023004
23023005
23023006
23023007
23023008
23023009
23023010
23023011
23023012
23023013
23023014
23023016
23030001
23030002
23030003
23030004
23030005
23030006
23030007
23030008
23030009
23030010
23030011
23030012
23030013
23030014
23030016
23030017
23030027
23030028
23030029
23030030
23030031
23030032
23030033
23037023
23037024
23037025
23037026
23037027
23037028
23037029
23037030
23037031
23037032
23037033
23037034
23037035
23038010
23038011
23038012
23038013
23038014
23038015
23038016
23038017
23038018
23038019
23038020
23044002
23044003
23044004
23044005
23044006
23044007
23044008
23044021
23044022
23044023
23044024
23044025
23044026
23044027
23044028
24001005
24001006
24001007
24001008
24001010
24001012
24001014
24001015
24001016
24001017
24001018
24001019
24002001
24002002
24002003
24002006
24002007
24002008
24002009
24002010
24002011
24002012
24002013
24002014
24002015
24002016
24002017
24002018
24002019
24002020
24002021
24002022
24002023
24002024
24002025
24002026
24002027
24002028
24002029
24002030
24002031
24002032
24002033
24002034
24002035
24002036
24002037
24003001
24003002
24003003
24003004
24003005
24003013
24003019
24003020
24003021
24003022
24003023
24003024
24003025
24005001
24005002
24005003
24005004
24005005
24005006
24005007
24005008
24005009
24005010
24005011
24005012
24005013
24005014
24005015
24005016
24005017
24005020
24005021
24005022
24005023
24005024
24005025
24005026
24005027
24005028
24005029
24005030
24005031
24006001
24006002
24006003
24006004
24006005
24006007
24006008
24006009
24006010
24006011
24006012
24006013
24006014
24006015
24006016
24006017
24006018
24006019
24006020
24006021
24006022
24006023
24006024
24006025
24006026
24006028
24006029
24006030
24007029
24008005
24008006
24008007
24008008
24008009
24008010
24008011
24008012
24008013
24008014
24008015
24008016
24008017
24008018
24008019
24008020
24008021
24008022
24009001
24009002
24009003
24009004
24009005
24009006
24009007
24009008
24009009
24009010
24009011
24009017
24009018
24009019
24009020
24009021
24009022
24009023
24009024
24010002
24010003
24010004
24010005
24010006
24010007
24010008
24010009
24010010
24010012
24010013
24010014
24010015
24010016
24010017
24010018
24010019
24010020
24010021
24010022
24010023
24010024
24010025
24011020
24012002
24012003
24012004
24012005
24012006
24012007
24012008
24012009
24012010
24012011
24012012
24012013
24013015
24013016
24013017
24013018
24013019
24013020
24013021
24013022
24013023
24013024
24013025
24013026
24013027
24014002
24014003
24014004
24014005
24014006
24014007
24014008
24014009
24014018
24014019
24014020
24014021
24014022
24015005
24015006
24015007
24015008
24015009
24015010
24015011
24015012
24015013
24015014
24015015
24015016
24015017
24015018
24015019
24015020
24015021
24016019
24016020
24016021
24017001
24017002
24017003
24017004
24017005
24017006
24017007
24017008
24017009
24017010
24017011
24017012
24017013
24017014
24017015
24017016
24017017
24017018
24018013
24018014
24018015
24018016
24018017
24018019
24018020
24018021
24018022
24018023
24020007
24020008
24020009
24020010
24020011
24020012
24020013
24020014
24020015
24020016
24020017
24020018
24021001
24021002
24021011
24021012
24021013
24021014
24022007
24022010
24022011
24022013
24022014
24022015
24022016
24022017
24022019
24022020
24022021
24022022
24022023
24022028
24022029
24022030
24023005
24023006
24023009
24023010
24023011
24023012
24023013
24023014
24023015
24023016
24023017
24023018
24023019
24023020
24023021
24023022
24023023
24023024
24023028
24023029
24025031
24025032
24025033
24025034
24025035
24025036
24025037
24025038
24027019
24027020
24027021
24029001
24029002
24030006
24030007
24030008
24030009
24030010
24030011
24030012
24030013
24030014
24030015
24030016
24030017
24030018
24030019
24030020
24030021
24030022
24030023
24030024
24031002
24031003
24031004
24031005
24031006
24031007
24031008
24031009
24031010
24031011
24031012
24031013
24031014
24031015
24031016
24031017
24031018
24031019
24031020
24031021
24031022
24031035
24031036
24031037
24032009
24032010
24033004
24033005
24034018
24034019
24039005
24039006
24045002
24045003
24046003
24046004
24046005
24046006
24046007
24046008
24046009
24046010
24046011
24046012
24046013
24046014
24046015
24046016
24046017
24046018
24046019
24046020
24046021
24046022
24046023
24046024
24046027
24046028
24047002
24047003
24047004
24047005
24047006
24047007
24048002
24048003
24048004
24048005
24048006
24048007
24048008
24048009
24048014
24048015
24048016
24048017
24048018
24048019
24048020
24048025
24048026
24048027
24048028
24048029
24048030
24048031
24048032
24048033
24048034
24048035
24048036
24048037
24048038
24048039
24048040
24048041
24048042
24048043
24048044
24048045
24048046
24048047
24049001
24049002
24049003
24049004
24049005
24049006
24049008
24049009
24049010
24049011
24049014
24049015
24049016
24049023
24049024
24049025
24049026
24049027
24049029
24049030
24049031
24049032
24049033
24049035
24049036
24049037
24049038
24049039
24050002
24050003
24050008
24050009
24050010
24050011
24050012
24050013
24050014
24050015
24050016
24050021
24050022
24050023
24050024
24050025
24050026
24050027
24050028
24050029
24050030
24050031
24050032
24050035
24050036
24050037
24050038
24050041
24050042
24050043
24051001
24051002
24051003
24051004
24051005
24051006
24051007
24051008
24051009
24051010
24051011
24051012
24051013
24051014
24051015
24051016
24051017
24051018
24051019
24051020
24051021
24051022
24051023
24051024
24051025
24051026
24051027
24051028
24051029
24051030
24051031
24051032
24051033
24051034
24051035
24051036
24051037
24051038
24051039
24051040
24051041
24051042
24051043
24051044
24051045
24051046
24051047
24051048
24051049
24051050
24051051
24051052
24051053
24051054
24051055
24051056
24051057
24051058
24052012
24052013
24052026
24052027
26001001
26001002
26001003
26007005
26007006
26009005
26009006
26010007
26010008
26015002
26015003
26015004
26015005
26015006
26015007
26015008
26017004
26017005
26017006
26017007
26017008
26017009
26017010
26019002
26019003
26019004
26019005
26019006
26019007
26019008
26019009
26019010
26019011
26019012
26019013
26019014
26020035
26020036
26021010
26021011
26021012
26021013
26021014
26021015
26021016
26021017
26023014
26023015
26023032
26023033
26023034
26024004
26024005
26024006
26024007
26024008
26024009
26024010
26024011
26024012
26026003
26026004
26026005
26026006
26026007
26026008
26026009
26026010
26026011
26026012
26026013
26026014
26026018
26027004
26027005
26027006
26027007
26027008
26027009
26027010
26027026
26027027
26027028
26027029
26027030
26027031
26027032
26027033
26027034
26027035
26027036
26028002
26028003
26028004
26028005
26028006
26028007
26028008
26028009
26028010
26028013
26028014
26028015
26028016
26028017
26028018
26028019
26028023
26028024
26029004
26029005
26029006
26029007
26030002
26030003
26030004
26030005
26030006
26030013
26030014
26031003
26031004
26031005
26031006
26031007
26031008
26031009
26032019
26035004
26038021
26038022
26039026
26039027
26040001
26040002
26040008
26040009
26040029
26040030
26040042
26040043
26041009
26041010
26041016
26041017
26041023
26041024
26042007
26042008
26046021
26046022
26048001
26048002
26048003
26048004
26048005
26048006
26048007
26048021
26048022
26048023
26048024
26048025
26048026
26048027
26048030
26048031
26048032
26048033
26048034
27002021
27002022
27002023
27004011
27004012
27004015
27004016
27004017
27005002
27005003
27006027
27007009
27007010
27007014
27007024
27007025
27007026
27007027
27008023
27008024
27008025
27009024
27009025
27009026
27009027
27012002
27012003
28001010
28001011
28012001
28012002
28012003
28012004
28012005
28012006
28012007
28012008
28012009
28012010
28012011
28012014
29001002
29001003
29001004
29001005
29001006
29001007
29001008
29001009
29001010
29001011
29001012
29001013
29001014
29001015
29001016
29001017
29001018
29001019
29001020
29002001
29002002
29002003
29002004
29002005
29002006
29002007
29002008
29002009
29002010
29002011
29002012
29002013
29002014
29002015
29002016
29002017
29002020
29002021
29002022
29002023
29002024
29002025
29002026
29002027
29002028
29002029
29002030
29002031
29002032
29003001
29003002
29003003
29003009
29003010
29003011
29003012
29003013
29003014
29003015
29003016
29003017
29003018
29003019
29003020
29003021
30001002
30001003
30001004
30001005
30001006
30001007
30001008
30001009
30001010
30001011
30001012
30001013
30001014
30001015
30003002
30003003
30003004
30003005
30003006
30003007
30003008
30003009
30003010
30003011
30003012
30003013
30003014
30003015
30005001
30005002
30005003
30005004
30005005
30005006
30005007
30005008
30005009
30005010
30005011
30005012
30005013
30005014
30005015
30005016
30005017
30005018
30005019
30005020
30005021
30005022
30005023
30005024
30006001
30006002
30006003
30006004
30006005
30006006
30006007
30006008
30006012
30006013
30006014
30008008
30008009
30008010
30008011
30008012
30008013
30008014
30009002
30009003
30009004
30009005
30009006
30009007
30009008
30009009
30009010
31001001
31001002
31001003
31001004
31001005
31001006
31001007
31001008
31001009
31001010
31001011
31001012
31001013
31001014
31001015
31001016
31001017
31001018
31001019
31001020
32001010
32001011
32002004
32002006
32002007
32002008
32002009
32002010
32003003
32003004
33001002
33001003
33001004
33001005
33001006
33001007
33001008
33001009
33001010
33001011
33001012
33001013
33001014
33001015
33001016
34001002
34001003
34001004
34001005
34001006
34001007
34001008
34001009
34001010
34001011
34001012
34001013
34001014
34001015
36001002
36001003
36001004
36001005
36001006
36001007
36001008
36001009
36001010
36001011
36001012
36001013
36001014
36001015
36001016
36001017
36001018
37001002
37001003
37001014
37001015
38001002
38001003
38002006
38002007
38002008
38002009
38009009
38009010
38009012
38009013
38009014
38009015
38009016
38009017
38010001
38010002
38010004
38010005
38010007
38010008
38010009
38010010
38010011
38010012
38011001
38011002
38011003
38013007
38013008
38013009
40001023
40002006
40004015
40004016
40006010
40006011
40006012
40006013
40012018
40012019
40012020
40012021
40013015
40015008
40015009
40021005
40021043
40022044
40022045
41001003
41007007
41007008
41012011
41012037
42001047
42001048
42001049
42001050
42001051
42001052
42001053
42001054
42001055
42001068
42001069
42001070
42001071
42001072
42001073
42001074
42001075
42001076
42001077
42001078
42001079
42002014
42002029
42002030
42002031
42002032
42003005
42003006
42007028
42020018
43012015
43012039
43012040
43012041
44001026
44002017
44002018
44002019
44002020
44002021
44002026
44002027
44002028
44004026
44007043
44008033
44022022
44022023
46005012
46005013
46006009
46006010
55002011
55002012
55002013
58001009
58001011
58001012
58001014
58002007
58002008
58002009
58003008
58003009
58003010
58003011
58003016
58003017
58003018
58003019
58004004
58004006
58004007
58004008
58004009
58004010
58004011
58005006
58005007
58005008
58005009
58005010
58007018
58007019
58007022
58007023
58007024
58007025
58008009
58008010
58008011
58008012
58008013
58010006
58010007
58010008
58010009
58010010
58010016
58010017
58010018
58010038
58010039
58012006
58012007
58012008
58012009
58012010
58012011
66012011
66012012
66013009
66013010
66015004
66016006
