40005030	
40014011	
40014023	
41004011	
41005028	
42001011	
42001044	
42002011	
42006030	
42010011	
42014011	
43006011	
43016014	
43016015	
43016016	
43016017	
43016018	
43016019	
43016020	
43016021	
43016022	
43016023	
43016024	
44002023	
44009005	
44014011	
44014028	
44016023	
45001011	
45003010	
46001002	
46001003	
46014008	
47003015	
47004018	
48001002	
48001003	
49004011	
51004015	
51004016	
51004017	
51004018	
52003010	
52003013	
53003013	
53003014	
53003015	
53003016	
53003017	
53003018	
54005004	
55001002	
55002016	
58005013	
58010024	
58010025	
58010026	
58010027	
58010028	
58010029	
58010030	
58010031	
58010032	
58010033	
58010034	
58010035	
58010036	
58012011	
59003008	
62003013	
62003014	
62003015	
62003016	
62003017	
62003018	
62003019	
62003020	
62003021	
62003022	
62003023	
62003024	
66002011	
66004011	
66005005	
66005011	
66010011	
