### source: http://old.bibelselskabet.dk/grobib/web/bibelen.htm
### only the verses containing a link (having an underline in the online version) have been crawled
### new crawl?

40002003
40002004
40002007
40002008
40002009
40002010
40002012
40002014
40002016
40002017
40002019
40002021
40002022
40009028
40009031
40009032
40011001
40012017
40013024
40013025
40013026
40013027
40013028
40013029
40013036
40013037
40013040
40013045
40013046
40013048
40013050
40013051
40013052
40015038
40015039
40017026
40017027
40018021
40018023
40018024
40018026
40018028
40018029
40018030
40018031
40018032
40018033
40020001
40020002
40020003
40020004
40020005
40020006
40020007
40020009
40020010
40020011
40020012
40020013
40020014
40021028
40021030
40024038
40024040
40024041
40025033
40025034
40025037
40025038
40025039
40025043
40025044
40025045
40027064
40027065
40027066
40028011
40028012
40028014
40028015
40028016
41003020
41004026
41004027
41004028
41008022
41008024
41008025
41008026
41009001
42001001
42001004
42001007
42001010
42001011
42001012
42001013
42001014
42001016
42001020
42001021
42001022
42001023
42001024
42001039
42001040
42001041
42001042
42001043
42001044
42001045
42001056
42001057
42001060
42001061
42001062
42001063
42001064
42001065
42001067
42001071
42001074
42001075
42002001
42002002
42002003
42002006
42002008
42002009
42002010
42002011
42002012
42002013
42002015
42002016
42002017
42002018
42002020
42002022
42002026
42002027
42002028
42002033
42002036
42002042
42002044
42002045
42002046
42002048
42002051
42006026
42007011
42007012
42007017
42007038
42007039
42007040
42007041
42007043
42007046
42007047
42009043
42009051
42009052
42009056
42010001
42010017
42010029
42010030
42010031
42010032
42010033
42010034
42010035
42010036
42010037
42010040
42010041
42012013
42012014
42012016
42012017
42012018
42012021
42012057
42013001
42013003
42013004
42013005
42013007
42013009
42013010
42013011
42013012
42013013
42013017
42013022
42013023
42013031
42013032
42013033
42014002
42014003
42014004
42014006
42014025
42014028
42014029
42014030
42014031
42014032
42014033
42014035
42015003
42015008
42015009
42015010
42015011
42015014
42015015
42015016
42015019
42015021
42015022
42015023
42015025
42015026
42015027
42015028
42015029
42015030
42015031
42015032
42016001
42016002
42016003
42016004
42016005
42016006
42016007
42016011
42016012
42016019
42016020
42016021
42016022
42016023
42016026
42016027
42016028
42016029
42016030
42016031
42017005
42017007
42017008
42017009
42017013
42017015
42017016
42017017
42017018
42018002
42018003
42018004
42018005
42018006
42018010
42019001
42019002
42019003
42019004
42019005
42019006
42019009
42021038
42022028
42022029
42022038
42023009
42023010
42023011
42023013
42023014
42023015
42023016
42023018
42023019
42023020
42023021
42023022
42023023
42023024
42023025
42023039
42023040
42023041
42023042
42024052
42024053
43001002
43001010
43001011
43002001
43002002
43002003
43002004
43002005
43002007
43002008
43002009
43002010
43002020
43002023
43003004
43003007
43003009
43003010
43003011
43003012
43003023
43003030
43004002
43004003
43004004
43004006
43004007
43004008
43004011
43004013
43004015
43004016
43004017
43004018
43004021
43004027
43004028
43004029
43004030
43004031
43004032
43004033
43004036
43004037
43004038
43004039
43004040
43004041
43004042
43005001
43005005
43005006
43005007
43005008
43005011
43005012
43005013
43005015
43005021
43005034
43005038
43005040
43005041
43005042
43006022
43006023
43006024
43006025
43006026
43006028
43006032
43006033
43006034
43006041
43006043
43006044
43006048
43006050
43006052
43006053
43006055
43006057
43006058
43006059
43006060
43006061
43006066
43006067
43006068
43006070
43006071
43007004
43007008
43007009
43007010
43007014
43007017
43007024
43007026
43007029
43007032
43007035
43007036
43007044
43007045
43007047
43007049
43007052
43008022
43008025
43008027
43008037
43008038
43008040
43008041
43008045
43008050
43008052
43008057
43009001
43009008
43009009
43009010
43009011
43009012
43009013
43009015
43009018
43009019
43009020
43009021
43009023
43009024
43009025
43009026
43009027
43009028
43009030
43009032
43009034
43009035
43009036
43009038
43010017
43010021
43010022
43010027
43010032
43010037
43010041
43010042
43011003
43011005
43011006
43011007
43011010
43011012
43011013
43011014
43011015
43011016
43011017
43011018
43011019
43011020
43011021
43011022
43011023
43011025
43011028
43011029
43011030
43011031
43011032
43011033
43011034
43011036
43011039
43011040
43011041
43011043
43011044
43011045
43011046
43011048
43011049
43011051
43011053
43011056
43011057
43012010
43012022
43012029
43012033
43012037
43012039
43012048
43012050
43013004
43013006
43013007
43013008
43013009
43013012
43013035
43014004
43014005
43014014
43014022
43014025
43015009
43015017
43016001
43016006
43016008
43016014
43016017
43016018
43016019
43016026
43016028
43016029
43016030
43016031
43017007
43017009
43017016
43019016
43020026
43020027
43021001
43021005
43021008
43021009
43021010
43021011
43021012
43021018
43021021
43021022
43021023
44001015
44001023
44001025
44002014
44002015
44002016
44002031
44002032
44002046
44003001
44003002
44003003
44003004
44003005
44003006
44003007
44003008
44003009
44003010
44003012
44003016
44003020
44003024
44004003
44004005
44004009
44004013
44004014
44004015
44004017
44004019
44004020
44004021
44004022
44004023
44004031
44004037
44005001
44005004
44005006
44005007
44005008
44005009
44005010
44005011
44005013
44005016
44005018
44005020
44005021
44005022
44005023
44005024
44005025
44005026
44005027
44005033
44005035
44005036
44005037
44005039
44005042
44006002
44006004
44006009
44006011
44006012
44006015
44007001
44007002
44007022
44007054
44007055
44007057
44008002
44008006
44008008
44008010
44008011
44008012
44008013
44008014
44008015
44008017
44008018
44008019
44008020
44008022
44008023
44008024
44008025
44008026
44008028
44008029
44008030
44008031
44008034
44008036
44008038
44009031
44009032
44009033
44009034
44009035
44009036
44009037
44009038
44009039
44009041
44009042
44010001
44010002
44010003
44010005
44010007
44010008
44011001
44011002
44011004
44012001
44012003
44012005
44012006
44012008
44012009
44012010
44012011
44012013
44012014
44012016
44012017
44012018
44012019
44012021
44012025
44013007
44013008
44013009
44013011
44013014
44013016
44013026
44013032
44013037
44013040
44013042
44013044
44013045
44013049
44013050
44013052
44014002
44014004
44014006
44014007
44014008
44014010
44014012
44014018
44014020
44014021
44014024
44014025
44014028
44015030
44015031
44015033
44015035
44015036
44015039
44015041
44016002
44016005
44016007
44016009
44016010
44016011
44016012
44016013
44016014
44016015
44016016
44016019
44016021
44016023
44016024
44016025
44016026
44016027
44016028
44016029
44016031
44016032
44016033
44016034
44016035
44016036
44016038
44016039
44016040
44017002
44017004
44017008
44017009
44017010
44017012
44017013
44017016
44017017
44017020
44017021
44017022
44017023
44017028
44017033
44017034
44018001
44018004
44018007
44018011
44018012
44018013
44018015
44018016
44018019
44018020
44019005
44019007
44019008
44019010
44019012
44019014
44019016
44019018
44019019
44019024
44019025
44019027
44019028
44019030
44019031
44019032
44019033
44019034
44019035
44019036
44019037
44019038
44019039
44019040
44019041
44020002
44020003
44020005
44020006
44020008
44020009
44020011
44020012
44020013
44020014
44020015
44020017
44020018
44020020
44020021
44020025
44020037
44020038
44021001
44021002
44021003
44021004
44021006
44021007
44021009
44021015
44021016
44021017
44021022
44021026
44021027
44021030
44021031
44021032
44021033
44021034
44021035
44021037
44021038
44021039
44021040
44022001
44022002
44022023
44022024
44022026
44022027
44022028
44022029
44022030
44023002
44023004
44023007
44023010
44023012
44023013
44023014
44023015
44023016
44023017
44023018
44023019
44023020
44023021
44023022
44023023
44023024
44023025
44023026
44023030
44023031
44023032
44023033
44023035
44024002
44024003
44024004
44024009
44024010
44024012
44024013
44024020
44024024
44024026
44024027
44025001
44025004
44025005
44025006
44025007
44025010
44025012
44025013
44025015
44025017
44025020
44025021
44025022
44025025
44025026
44025027
44026001
44026002
44026003
44026004
44026007
44026024
44026025
44026026
44026027
44026029
44026030
44027004
44027005
44027006
44027007
44027008
44027010
44027011
44027012
44027013
44027014
44027015
44027016
44027017
44027018
44027019
44027020
44027021
44027022
44027023
44027025
44027026
44027027
44027028
44027029
44027030
44027031
44027032
44027033
44027036
44027037
44027038
44027039
44027040
44027041
44027042
44027043
44028003
44028004
44028007
44028008
44028009
44028010
44028011
44028012
44028013
44028014
44028015
44028021
44028025
44028030
45001002
45001006
45001015
45001025
45001026
45001028
45001030
45001031
45001032
45002002
45002003
45002009
45002012
45002015
45002017
45002020
45002023
45002025
45002027
45003001
45003007
45003008
45003026
45004001
45004006
45004009
45004020
45005004
45005005
45005007
45005011
45005016
45005017
45006015
45006017
45006019
45006020
45006022
45007001
45007003
45007009
45007013
45007016
45007017
45007019
45007020
45007021
45007024
45008022
45008026
45008030
45008035
45008039
45009002
45009011
45009019
45009024
45010001
45010007
45010014
45011012
45011015
45011019
45011021
45011024
45011028
45011030
45011031
45013002
45013004
45013005
45013006
45014009
45014016
45014018
45014021
45014022
45014023
45015006
45015014
45015017
45015024
45015028
45015029
45015031
45016001
45016002
45016004
45016006
45016007
45016008
45016009
45016010
45016011
45016012
45016014
45016015
45016022
45016027
46001003
46001004
46001006
46001011
46001013
46001015
46001024
46001025
46001027
46001028
46002008
46002013
46003005
46003010
46003012
46003014
46003015
46003017
46003021
46004003
46004018
46006001
46006003
46006004
46006006
46006010
46006018
46007001
46007002
46007003
46007004
46007005
46007006
46007008
46007011
46007012
46007013
46007016
46007017
46007018
46007020
46007024
46007025
46007027
46007032
46007034
46007035
46008010
46008012
46009003
46009007
46009008
46009018
46009023
46009026
46010002
46010025
46010027
46010028
46010029
46011001
46011004
46011005
46011006
46011010
46011013
46011014
46011015
46011016
46012001
46012014
46012015
46012016
46012017
46012018
46012019
46012020
46012021
46012022
46012023
46012024
46012025
46012029
46012030
46013001
46013008
46013010
46013011
46014003
46014004
46014007
46014008
46014009
46014010
46014011
46014012
46014014
46014016
46014017
46014018
46014019
46014022
46014023
46014024
46014027
46014028
46014030
46014031
46014032
46014036
46014038
46014039
46015006
46015011
46015013
46015014
46015016
46015017
46015018
46015019
46015029
46015035
46015037
46015039
46015040
46015041
46015042
46015044
46015046
46015048
46015051
46016004
46016023
46016024
47001002
47001009
47001010
47001013
47001015
47001017
47002001
47002002
47002003
47002005
47002007
47002008
47002009
47002010
47003004
47004012
47005003
47005009
47005013
47005016
47006003
47006006
47006008
47006011
47007004
47007007
47007009
47007012
47007013
47007014
47007016
47008003
47008004
47008005
47008006
47008008
47008011
47008013
47008014
47008016
47008019
47008020
47009004
47009005
47009011
47009013
47009014
47010003
47010005
47010006
47010009
47010014
47011012
47011014
47011016
47011017
47011020
47011026
47011033
47012001
47012002
47012003
47012004
47012016
47012019
47013002
47013006
47013007
47013008
47013009
47013013
47013014
48001003
48001005
48001009
48001017
48001022
48001024
48002011
48002013
48002015
48002017
48002018
48003001
48003002
48003003
48003005
48003009
48003014
48003024
48004001
48004002
48004013
48004015
48004016
48004017
48004018
48004020
48004021
48004025
48004031
48005001
48005003
48005005
48005007
48005008
48005012
48005015
48005020
48006003
48006010
48006013
48006018
49001002
49001003
49001008
49001012
49001015
49001018
49001019
49002004
49002013
49003007
49003011
49003014
49003015
49003021
49004019
49004020
49004021
49004027
49005007
49005016
49005017
49006013
49006022
49006023
49006024
50001002
50001003
50001004
50001009
50001015
50001016
50001017
50001018
50001022
50001026
50001029
50002001
50002014
50002019
50002022
50002023
50002026
50002027
50002028
50002030
50003008
50003015
50003016
50004001
50004008
50004014
50004017
50004019
50004020
50004021
50004023
51001002
51001003
51001004
51001006
51001008
51001011
51001017
51001028
51001029
51002006
51002018
51003007
51004001
51004004
51004008
51004011
51004013
51004015
51004016
52001007
52002001
52002006
52002017
52002018
52002020
52003002
52003004
52003005
52003007
52003008
52003009
52003011
52003012
52004001
52004002
52004004
52004005
52004010
52004018
52005004
52005007
52005013
52005022
52005025
52005027
52005028
53001002
53001006
53001010
53002005
53002006
53002007
53002012
53002014
53002016
53002017
53003005
53003011
53003018
54001007
54001014
54001016
54002001
54002002
54002003
54002008
54002010
54003008
54003010
54003013
54003014
54004002
54004005
54004009
54004011
54004015
54005002
54005003
54005004
54005007
54005011
54005013
54005015
54005023
54005025
54006005
55001001
55001017
55001018
55002002
55002004
55002006
55002007
55002020
55002021
55002025
55003003
55003007
55003009
55003010
55003013
55003014
55004015
55004021
55004022
56001001
56001012
56002004
56002006
56002012
56003011
56003015
57001003
57001004
57001005
57001006
57001008
57001009
57001011
57001012
57001013
57001015
57001017
57001018
57001019
57001020
57001021
57001025
58002015
58003004
58003012
58003019
58004001
58004002
58004009
58005010
58005013
58006006
58006007
58006009
58008004
58008007
58009001
58009009
58009016
58009018
58009025
58010002
58010004
58010009
58010015
58010018
58010021
58010024
58011002
58011006
58011014
58011015
58011025
58011026
58011040
58012004
58012007
58012008
58012009
58012010
58013007
58013013
58013019
58013021
58013022
58013024
58013025
59001003
59001004
59001007
59001009
59001013
59001016
59001023
59001024
59002002
59002003
59002004
59002006
59003001
59003003
59003004
59003005
59003007
59003010
59003011
59003013
59003014
59003016
59004002
59004012
59004016
59005006
60001009
60001021
60001022
60002014
60003008
60003013
60003017
60004004
60004015
60004016
60005011
61001001
61001008
61001010
61001011
61001015
61001018
61001020
61003011
62001010
62002011
62002026
62003004
62003018
62003019
62005002
62005007
62005008
62005017
63001002
63001003
63001013
64001002
64001005
64001009
64001010
64001012
65001002
65001021
65001022
65001024
65001025
66002024
66002029
66003006
66003013
66003020
66003022
66004009
66005002
66005003
66005004
66005007
66006001
66007002
66007005
66007006
66007007
66007008
66007011
66007013
66008001
66008006
66008009
66009005
66009010
66009011
66009015
66009016
66009017
66009018
66009019
66009021
66010001
66010002
66010003
66011003
66011009
66011010
66012001
66012002
66012008
66012013
66012015
66012016
66013002
66013003
66013004
66013006
66013012
66013017
66014006
66014016
66014017
66014018
66014019
66016001
66016008
66016011
66017005
66017007
66017009
66017010
66017013
66017017
66019021
66020003
66020007
66021011
66021014
66021016
66021017
66021022
66022009
66022021
