40001002
40001003
40001004
40001005
40001006
40001007
40001008
40001009
40001010
40001011
40001012
40001013
40001014
40001015
40001016
40004012
40004013
40006003
40006004
40006014
40006015
40006031
40006032
40007009
40007010
40008005
40008006
40011011
40011018
40011019
40011029
40011030
40012043
40012044
40012045
40012046
40012047
40013002
40013003
40013014
40013016
40013017
40015005
40015006
40016002
40016003
40017020
40018010
40020011
40020012
40022045
40022046
40023013
40025002
40025003
40025004
40026008
40026009
40026032
40026057
40026058
40026060
40026061
41001004
41001005
41001006
41001007
41001012
41001013
41002010
41002011
41002025
41002026
41003007
41003008
41003031
41003032
41004031
41004032
41005015
41005016
41006008
41006009
41006035
41006036
41006039
41006040
41007008
41007009
41007011
41007012
41007015
41009043
41009045
41009049
41011025
41012021
41012022
41012037
41013003
41013004
41014028
41014063
41014064
41014066
41014067
41015003
41015004
41015018
41015019
41015027
42001001
42001002
42001008
42001009
42001011
42001012
42001039
42001040
42001072
42001073
42001078
42001079
42002030
42002031
42002036
42002037
42002046
42002047
42003023
42003024
42003025
42003026
42003027
42003028
42003029
42003030
42003031
42003032
42003033
42003034
42003035
42003036
42003037
42003038
42005018
42005019
42005025
42005026
42007020
42007021
42007022
42007033
42007034
42007035
42008022
42008023
42008035
42008036
42011005
42011006
42011011
42011012
42011037
42011038
42013020
42013021
42016005
42016006
42018004
42018005
42018035
42018036
42020018
42020034
42020035
42020044
42021034
42021035
42021037
42021038
42022028
42022029
42022063
42022064
42023016
42023023
42023024
42023031
42023032
42023033
42023040
42023041
42024045
42024046
43001019
43001020
43002007
43002008
43002024
43002025
43003001
43003002
43004001
43004002
43004003
43004017
43004018
43004021
43004022
43004023
43004024
43005041
43005042
43007021
43007022
43007023
43009022
43009023
43011012
43011013
43012014
43012041
43014002
43014003
43016017
43016018
43018004
43018005
43020003
43020004
44001002
44001003
44001021
44001022
44004012
44004027
44004028
44004029
44004030
44004036
44004037
44008036
44013032
44013033
44013034
44013035
44014005
44014006
44015028
44015029
44015033
44019008
44019009
44019018
44019019
44020016
44020017
44021010
44021011
44021026
44021027
44021035
44021036
44023012
44023013
44024006
44027014
44027015
44028001
44028002
44028028
45001001
45001002
45001003
45001004
45003025
45003026
45008020
45008021
45008037
45008038
45008039
45009011
45009012
45009013
45009016
45009026
45009027
45009029
45010015
45010016
45010019
45010020
45010021
45011009
45012021
45014012
45014013
45015010
45015011
45015012
45015015
45015016
45016001
45016002
45016025
45016026
45016027
46002007
46002008
46002010
46003008
46003009
46003021
46003022
46003023
46005012
46005013
46006007
46006008
46006009
46006010
46007029
46007030
46007031
46009008
46009009
46010019
46010020
46011001
46011002
46011014
46011015
46014021
46014022
46014030
46014031
46014033
46014034
46015017
46015018
46015033
46015034
46015036
46015037
46015053
46015054
46015056
46015057
47001013
47001014
47001015
47001016
47002014
47002015
47002016
47003007
47003008
47006017
47008010
47008011
47008015
47009010
47012003
47012004
48003019
48003020
48003021
48003022
49002004
49002005
49002011
49002012
49002015
49002016
49004009
49004010
49004011
49005029
49005030
50001024
50001025
50002015
50002016
52001005
52001006
52002011
52002012
52005020
52005021
53001005
53001006
54003014
54003015
56003004
56003005
57001008
57001009
58001006
58001007
58001008
58001010
58001013
58001014
58002009
58002013
58005006
58005012
58005013
58006004
58006005
58006006
58007020
58007021
58007022
58009016
58009017
58010008
58010009
58010010
58010017
58010038
58010039
58013006
58013015
58013016
58013020
58013021
58013024
58013025
59003011
59003012
59005019
59005020
60002002
60002003
60002007
60002008
60002013
60002014
60002023
60002024
60002025
60005006
60005007
61001017
61001018
61002007
61002008
61003015
61003016
65001003
65001004
65001024
65001025
66004009
66004010
66005014
66007004
66007005
66007006
66007007
66007008
66007011
66007012
66008003
66008004
66008008
66008009
66015005
66015006
66016007
66016016
66017006
