40002007
40002008
40002009
40002010
40002011
40002012
40003004
40003005
40003006
40004005
40004006
40004007
40004008
40004009
40004010
40004011
40004017
40005011
40005012
40006014
40006015
40010037
40010038
40010039
40011006
40011011
40011012
40011013
40011014
40011015
40011018
40011019
40013016
40013017
40015010
40015011
40021006
40021007
40021008
40021009
40021010
40021011
40021017
40021043
40022045
40022046
40026032
40026033
40026034
40026035
41001004
41001005
41001006
41001007
41001008
41004013
41004014
41004015
41004016
41004017
41004018
41004019
41004020
41007008
41008019
41008020
41008021
41011011
41012012
41012037
41013026
41013027
41014028
41014029
41014030
41014031
41015035
41015036
41015037
41015038
41015039
42001018
42001019
42001020
42001034
42001035
42001036
42001037
42001038
42001056
42001080
42002015
42002016
42002017
42002018
42002019
42002020
42002033
42002034
42002035
42003007
42003008
42003009
42004009
42004010
42004011
42004012
42004013
42004020
42004021
42004022
42007023
42007028
42007033
42007034
42007035
42008011
42008012
42008013
42008014
42008015
42011005
42011006
42011007
42011008
42019039
42019040
42019047
42019048
42020018
42020044
43001006
43001007
43001008
43001015
43008001
43008002
43008003
43008004
43008005
43008006
43008007
43008008
43008009
43008010
43008011
43012014
43012016
43012039
43012041
43013019
43013020
43019020
43019021
43019022
43019037
44002022
44002023
44002024
44002025
44002029
44002030
44002031
44002032
44002033
44002034
44002036
44004012
44004027
44004028
44004029
44004030
44007044
44007045
44007046
44007047
44007048
44007051
44007052
44007053
44008034
44008035
44008036
44008038
44008039
44008040
44013034
44013035
44013036
44013037
44013038
44013039
44013040
44013042
44013043
44013048
44013049
44013050
44013051
44013052
44015019
44015020
44015021
44028028
45003005
45003006
45003007
45003008
45003019
45003020
45004009
45004010
45004011
45004012
45008037
45008038
45008039
45009011
45009012
45009027
45009029
45010001
45010002
45010003
45010004
45010019
45010020
45010021
45011009
45011011
45011012
45011028
45011029
45011030
45011031
45011032
45012021
45014012
45015004
45015005
45015006
45015007
45015008
45015009
45015010
45015011
45015012
45015013
45015022
45015023
45015024
46001020
46001021
46001022
46001023
46001024
46001025
46002010
46002011
46002012
46002013
46002014
46002015
46002016
46003020
46003021
46003022
46003023
46008007
46008008
46008009
46008010
46008011
46008012
46008013
46014022
46014023
46014024
46014025
46015006
46015007
46015008
46015009
46015010
46015011
46015033
46015034
46015056
46015057
46015058
47006017
47007001
47009009
47009010
47009011
47009012
47009013
47009014
47009015
48004028
48004029
48004030
48004031
49001015
49001016
49004007
49004008
49004009
49004010
49004011
49004012
49004013
49005015
49005016
49005017
49005018
49005019
49005020
50002012
50002013
50002014
50002015
50002016
50002017
50002018
50004014
50004015
50004016
50004017
50004018
50004019
50004020
51001021
51001022
51001023
52005023
52005024
54002007
54003001
54006009
54006010
54006013
54006014
54006015
55001011
55001012
56003008
56003009
56003010
56003011
58001006
58001007
58001008
58001010
58001013
58001014
58002009
58002013
58002014
58002015
58002016
58002017
58002018
58003012
58003013
58003014
58003015
58003016
58003017
58003018
58003019
58004004
58004005
58004006
58004007
58004008
58004009
58004010
58004011
58005006
58005007
58005008
58005009
58005010
58007018
58007019
58007022
58008013
58010008
58010009
58010010
58010017
58010018
58010039
58012007
58012008
58012009
58012010
58012011
59004007
59004008
59004009
59004010
60001022
60001023
60001024
60002007
60003013
60003014
60003015
60003016
60003017
60003020
60003021
60003022
60005006
60005007
62002015
62002016
62002017
62004011
62004012
66002028
66004009
66004010
66005011
66005012
66005013
66005014
66007011
66007012
66007013
66007014
66011016
66011017
66011019
66012013
66012014
66012015
66012016
66012017
66014016
66016007
66016008
66016009
66018004
66018009
66018010
66018011
66018012
66018013
66018015
66018016
66018018
66018019
66018021
66019003
66019004
66019005
66019006
66021005
66021006
66021007
66021008
