40002009
40002010
40013005
40013006
40014003
40014004
40022045
41007008
41008008
41008009
41009043
41009045
41009047
41014028
42001039
42001040
42001047
42001048
42002001
42002002
42002003
42002004
42002005
42002006
42002007
42002022
42002023
42002024
42003024
42003025
42006014
42006015
42006016
42007045
42007046
42008051
42008052
42008053
42011053
42011054
42017001
42017002
42020018
42020042
42020043
42021037
42021038
42023050
42023051
43001019
43001020
43004007
43004008
43010014
43010015
43017002
43017003
43017004
43017005
43017006
43017007
43017008
43017009
43017010
43017011
43017012
43017013
43017014
43017015
43017016
43017017
43017018
43017019
43017020
43017021
43017022
43017023
43017024
43017025
43017026
44001024
44001025
44002008
44002009
44003019
44003020
44004034
44004035
44007014
44007015
44015024
44015025
44015026
44015027
44015028
44015029
44017002
44017003
44018019
44018020
44018021
44020026
44020027
44022017
44022018
44023006
44023007
44023008
44023026
44023027
44023028
44023029
44023030
45001009
45001010
45008037
45009011
45009012
45009016
45009017
45009018
45009026
45009027
45009029
45010019
45010020
45010021
45011009
45011036
45012020
45012021
45014012
45015010
45015011
45015012
46002010
46005012
46005013
46014022
46015051
46015052
46015056
46015057
47001013
47001014
47001015
47001016
47006017
47012003
47012004
48003024
48003025
49001015
49001016
49002004
49002005
49002011
49002012
49004009
49004010
52001002
52001003
54003014
54003015
58001006
58001007
58001008
58001010
58002009
58002013
58004004
58004005
58004006
58004007
58005006
58006015
58007022
58009012
58010018
58010039
58011017
58011018
58013006
58013020
58013021
59001007
59001008
60002007
60002008
60005006
60005007
62002013
62002014
66002002
66002003
66002004
66002005
66002006
66002007
66002009
66002010
66002011
66002013
66002014
66002015
66002016
66002017
66002019
66002020
66002021
66002022
66002023
66002024
66002025
66002026
66002027
66002028
66002029
66003002
66003003
66003004
66003005
66003006
66003008
66003009
66003010
66003011
66003012
66003013
66003015
66003016
66003017
66003018
66003019
66003020
66003021
66003022
66005014
66007005
66007006
66007007
66007008
66016007
