40004005
40005007
40005008
40005018
40005019
40005027
40006013
40007004
40007012
40007016
40007029
40008002
40008009
40008027
40009006
40009029
40009036
40010007
40010015
40010041
40011009
40011029
40012003
40012019
40012029
40012039
40013007
40013027
40013055
40015005
40015011
40015018
40015026
40016002
40017017
40018006
40018035
40019004
40019011
40019019
40020015
40020021
40021003
40021004
40021029
40021035
40021042
40022005
40022026
40022027
40023026
40024002
40024007
40024034
40025013
40025032
40026013
40026028
40026038
40026039
40026071
40027008
40027013
40027015
40027021
40027026
40027036
40027052
40028007
40028008
40028010
41001002
41001020
41001038
41001039
41002006
41003005
41003021
41003026
41004033
41004038
41005006
41005017
41005024
41005031
41005040
41006020
41006036
41007013
41007021
41007028
41008013
41008015
41008026
41009007
41009009
41009011
41009029
41009047
41009048
41009049
41010009
41010025
41010044
41010051
41010052
41011013
41011015
41012015
41012029
41013017
41013018
41014009
41014036
41014038
41014041
41014049
41014059
41014061
41014064
41015007
41015025
41015030
41015031
41016014
42001024
42001031
42001033
42001036
42001042
42001050
42001052
42001060
42001063
42001070
42001071
42002013
42002040
42003018
42004002
42004007
42004027
42004030
42005002
42005037
42006036
42006037
42007047
42008054
42009020
42009041
42009049
42009050
42009055
42009060
42010012
42010015
42010035
42011004
42011016
42011023
42011027
42011036
42011049
42012005
42012014
42012025
42012027
42012030
42012031
42012033
42012041
42012045
42013011
42013032
42014017
42014026
42014027
42014032
42015016
42015021
42015027
42015028
42016008
42016011
42016013
42017005
42017006
42017033
42017035
42018016
42018026
42018041
42019004
42019010
42019025
42019036
42019038
42020006
42020021
42020024
42020029
42021022
42021031
42021032
42021034
42022010
42022029
42022034
42022037
42022048
42022058
42022067
42022070
42023032
42023054
42024019
42024021
42024030
42024039
43001004
43001018
43001025
43001028
43001043
43001048
43001050
43002004
43002006
43003004
43003007
43003021
43004013
43004019
43005007
43005011
43005013
43005017
43005043
43005047
43006002
43006020
43006040
43006046
43006053
43007022
43007040
43007042
43008015
43008037
43008038
43008039
43009023
43009026
43010009
43010016
43010017
43010023
43010026
43010027
43010034
43010042
43011004
43011009
43011040
43011049
43012014
43012041
43012045
43013017
43013034
43014012
43014016
43015005
43015006
43016002
43016009
43016012
43016031
43017003
43017017
43018005
43018020
43018021
43018025
43018036
43018037
43019009
43019016
43019020
43020012
43021008
43021025
44001002
44002002
44002047
44003014
44003025
44004013
44004014
44004022
44004026
44004037
44005020
44005025
44006003
44006007
44006014
44007005
44007017
44007021
44007023
44007031
44007045
44008014
44008022
44008024
44009005
44009007
44012008
44012009
44013036
44013045
44014006
44014009
44015003
44015010
44015024
44015037
44015039
44016005
44016013
44016020
44017007
44018009
44018028
44019026
44019031
44019040
44019041
44020008
44020024
44020028
44021036
44022021
44023003
44023022
44023032
44023035
44024002
44024008
44024014
44024019
44024023
44024024
44026004
44027004
44027011
44027017
44027022
44027036
44027038
44027040
44028009
44028015
45001022
45002019
45002024
45003003
45003017
45004011
45004014
45005019
45006003
45007003
45007018
45007024
45008002
45008015
45008019
45008023
45008033
45008034
45008039
45009010
45009013
45009016
45010009
45010020
45011020
45011024
45012015
45012016
45015009
45015013
45016011
45016012
45016013
46001002
46002013
46003018
46005002
46005009
46007004
46007013
46007026
46007031
46007040
46009005
46009021
46009023
46010017
46010024
46010026
46011005
46011010
46011030
46012003
46012004
46012005
46012007
46012015
46012028
46012031
46013005
46014003
46014025
46014031
46015031
46015033
46015034
46015037
46015039
46015040
46015043
46015045
47001002
47001019
47002007
47004009
47005002
47005018
47006018
47008012
47010002
47010003
47012002
47012005
47012014
47013003
47013007
47013011
48002005
48002006
48002007
48002009
48002010
48002014
48002019
48002020
48005005
48005012
48005017
48005023
48006002
49002007
49003009
49003010
49003011
49003017
49004005
49004022
49004031
49005004
49005005
49005011
49005015
49005029
49006014
49006016
50001006
50001015
50001020
50001022
50001028
50001029
50002013
50002018
50002020
50002024
50002026
50003010
50003018
50004003
51001005
51001006
51001017
51001029
51002006
51002021
51003021
51004009
51004014
51004016
52001004
52001007
52001008
52001010
52002010
52003003
52003005
52003008
52005006
52005027
53001004
53001005
53003018
54002002
54003015
54004003
54004016
54005018
54006005
54006013
55001002
55001004
55002004
55003006
55004004
55004011
55004015
55004018
56001008
56002009
56003006
56003007
57001005
58001003
58002011
58003004
58004003
58005005
58005013
58006004
58007004
58007007
58007013
58009010
58009013
58009015
58009026
58010005
58010010
58010016
58010027
58010031
58010032
58011007
58011033
58011039
58012008
58012014
58012022
58012025
58013014
59001016
59001018
59002004
59002011
59003003
59003011
59004008
59004014
59004017
60001014
60001024
60002003
60002013
60002017
60003004
60003011
60003014
60003022
60004008
60004018
61001002
61001013
61002002
61002019
62001009
62002002
62002005
62002017
62002019
62003006
62003009
62004009
62005009
64001005
64001010
65001006
66001002
66002021
66002029
66003006
66004008
66006005
66007014
66008007
66008008
66010010
66012014
66014010
66015002
66015006
66016015
66016017
66017011
66017012
66017013
66020010
66021012
66021023
66021026
66022008
