01002011
01002012
01002013
01002014
01004017
01004018
01004019
01004020
01004021
01004022
01004023
01004024
01004025
01004026
01006001
01006002
01006003
01006004
01007019
01007020
01007021
01007022
01007023
01007024
01009018
01009019
01009020
01009021
01009022
01009023
01009024
01009025
01009026
01009027
01009028
01009029
01011010
01011011
01011012
01011013
01011014
01011015
01011016
01011017
01011018
01011019
01011020
01011021
01011022
01011023
01011024
01011025
01011026
01014001
01014002
01014003
01014004
01014005
01014006
01014007
01015021
01019030
01019031
01019032
01019033
01019034
01019035
01019036
01019037
01019038
01021022
01021023
01021024
01021025
01021026
01021027
01021028
01021029
01021030
01021031
01021032
01021033
01021034
01022020
01022021
01022022
01022023
01022024
01025003
01025004
01025012
01025013
01025014
01025015
01025016
01025017
01025018
01026007
01026008
01026009
01026010
01026011
01026012
01026013
01026014
01026015
01026016
01026017
01026018
01026019
01026020
01026021
01026022
01026023
01026024
01026025
01026026
01026027
01026028
01026029
01026030
01026031
01026032
01026033
01026034
01026035
01028005
01028006
01028007
01028008
01028009
01031047
01031048
01031049
01031050
01031051
01031052
01031053
01031054
01032013
01032014
01032015
01032016
01032017
01032018
01032019
01032020
01032021
01033005
01033006
01033007
01033008
01033009
01033010
01033011
01033012
01033013
01033014
01033015
01033016
01033017
01033018
01033019
01033020
01035001
01035002
01035003
01035004
01035005
01035006
01035007
01035008
01035009
01035010
01035011
01035012
01035013
01035014
01035015
01035019
01035020
01035021
01035022
01035023
01035024
01035025
01035026
01039001
01046008
01046009
01046010
01046011
01046012
01046013
01046014
01046015
01046016
01046017
01046018
01046019
01046020
01046021
01046022
01046023
01046024
01046025
01046031
01046032
01046033
01046034
01049002
01049003
01049004
01049005
01049006
01049007
01049008
01049009
01049011
01049012
01049013
01049014
01049015
01049016
01049017
01049018
01049019
01049020
01049021
01049022
01049023
01049024
01049025
01049026
01049027
01049028
01050007
01050008
01050009
01050010
01050011
02004024
02004025
02004026
02013014
02013015
02013016
02015002
02015003
02015004
02015005
02015006
02015007
02015008
02015009
02015010
02015011
02015012
02015013
02015014
02015015
02015016
02015017
02015018
02015019
02020022
02020023
02020024
02020025
02020026
02023001
02023002
02023003
02023004
02023005
02023006
02023007
02023008
02023009
02023010
02023011
02023012
02023013
02023014
02023015
02023016
02023017
02023018
02023019
02031001
02031002
02031003
02031004
02031005
02031006
02031007
02031008
02031009
02031010
02031011
02040001
02040002
02040003
02040004
02040005
02040006
02040007
02040008
02040009
02040010
02040011
02040012
02040013
02040014
02040015
02040016
02040017
02040018
02040019
02040020
02040021
02040022
02040023
02040024
02040025
02040026
02040027
02040028
02040029
02040030
02040031
02040032
02040033
09002001
09002002
09002003
09002004
09002005
09002006
09002007
09002008
09002009
09002010
09002027
09002028
09002029
09002030
09002031
09002032
09002033
09002034
09002035
09002036
09004019
09004020
09004021
09004022
09007014
09007015
09007016
09007017
09008011
09008012
09008013
09008014
09008015
09008016
09008017
09008018
09009007
09009008
09009009
09009010
09009011
09009012
09009013
09009021
09009022
09009023
09009024
09010002
09010003
09010004
09010005
09010008
09010010
09010011
09010012
09010013
09010014
09010015
09010016
09010018
09010019
09010020
09010021
09010022
09010023
09010025
09010026
09010027
09011012
09011013
09011014
09011015
09015027
09015028
09015029
09015030
09015031
09015032
09015033
09015034
09015035
09017012
09017013
09017014
09017053
09017054
09017055
09017056
09017057
09017058
09018001
09018002
09018003
09018004
09018005
09018012
09018013
09018014
09018015
09018016
09018017
09018018
09018019
09018020
09018021
09018022
09018023
09018024
09018025
09018026
09018027
09018028
09018029
09018030
09019013
09019014
09019015
09019016
09019017
09019018
09019019
09019020
09019021
09019022
09019023
09019024
09020008
09020009
09020010
09020011
09020012
09020013
09020014
09020015
09020016
09020017
09020018
09020019
09020020
09020021
09020022
09020023
09020036
09020037
09020038
09020039
09020040
09021010
09021011
09021012
09021013
09021014
09021015
09022001
09022002
09022003
09022004
09022005
09022006
09022007
09022008
09022021
09022022
09022023
09024014
09024015
09028001
09028002
10001005
10001006
10001007
10001008
10001009
10001010
10001013
10001014
10001015
10001016
10001017
10001018
10001019
10001020
10001021
10001022
10001023
10001024
10001025
10001026
10001027
10002005
10002006
10002007
10002012
10002013
10002014
10002015
10002016
10002017
10002018
10002019
10002020
10002021
10002022
10002023
10002024
10002025
10002026
10002027
10002028
10002029
10002030
10002031
10002032
10003002
10003003
10003004
10003005
10003006
10003007
10003008
10003009
10003010
10003011
10003012
10003013
10003014
10003015
10003016
10003017
10003018
10003019
10003020
10003021
10003022
10003023
10003024
10003025
10003026
10003027
10003028
10003029
10003030
10003031
10003032
10003033
10003034
10003035
10003036
10003037
10003038
10003039
10005006
10005007
10005008
10005009
10005010
10005011
10005012
10005013
10005014
10005015
10005016
10005017
10005018
10005019
10005020
10005021
10005022
10005023
10005024
10005025
10007018
10007019
10007020
10007021
10007022
10007023
10007024
10007025
10007026
10007027
10007028
10007029
10012026
10012027
10012028
10012029
10012030
10012031
10015017
10015018
10015019
10015020
10015021
10015022
10015023
10015024
10015025
10015026
10015027
10015028
10015029
10015030
10015031
10015035
10015036
10015037
10016001
10016002
10016003
10016004
10016011
10016012
10016013
10016014
10017015
10017016
10017017
10017018
10017019
10017020
10017021
10017022
10017023
10017024
10017025
10017026
10017027
10017028
10017029
10018018
10018019
10018020
10018021
10018022
10018023
10018024
10018025
10018026
10018027
10018028
10018029
10018030
