40002010
40023015
41001044
41003008
41006048
41007022
41007026
41008019
41010008
41011005
41015029
41015043
42001002
42001027
42001055
42001079
42002030
42002031
42002032
42003020
42004026
42010009
42011051
42011054
42017037
42022043
42022044
42023018
42023051
42024047
43004002
43004003
43005005
43010013
43010036
44001017
44001022
44001025
44002008
44002035
44004022
44007028
44008038
44013020
44013039
44014026
44015035
44024008
44027015
45001004
45001010
45008021
45009012
45009024
46005004
46005013
46006020
46011034
46012024
46015052
47001014
47001022
47012004
48001002
49001008
49002007
49005026
50001010
50002015
52001005
52002012
53001008
54002006
55003011
56002005
59001008
59005020
60001002
60001004
60003006
61003018
62003020
