01002019
01002020
01003018
01003019
01006004
01006010
01007016
01007018
01015015
01015016
01020018
01021021
01025008
01031013
01031048
01031052
01034007
01035029
01036011
01036012
01036013
01036030
01037006
01037007
01038019
01040010
01041031
01041046
01044031
01046006
01047002
02001021
02004020
02007004
02007012
02010002
02012041
02014031
02016008
02018003
02019002
02022003
02022004
02024017
02025019
02025032
02026017
02026027
02026034
02027015
02029041
02030008
02036032
02037008
02038015
03004012
03006017
03008003
03010010
03010011
03011027
03011028
03013048
03013049
03014056
03023002
03023010
03023024
03023034
03024011
03025002
03026035
04001021
04001022
04001023
04001024
04001025
04001026
04001027
04001028
04001029
04001030
04001031
04001032
04001033
04001034
04001035
04001036
04001037
04001038
04001039
04001040
04001041
04001042
04001043
04002006
04002007
04002013
04002014
04002021
04002022
04002023
04002028
04002029
04002030
04004019
04004035
04004036
04004037
04004038
04004039
04004040
04004041
04004042
04004043
04004044
04004045
04004046
04004047
04004048
04004049
04007013
04007014
04007015
04007016
04007017
04007018
04007019
04007020
04007021
04007022
04007023
04007024
04007025
04007026
04007027
04007028
04007029
04007030
04007031
04007032
04007033
04007034
04007035
04007036
04007037
04007038
04007039
04007040
04007041
04007042
04007043
04007044
04007045
04007046
04007047
04007048
04007049
04007050
04007051
04007052
04007053
04007054
04007055
04007056
04007057
04007058
04007059
04007060
04007061
04007062
04007063
04007064
04007065
04007066
04007067
04007068
04007069
04007070
04007071
04007072
04007073
04007074
04007075
04007076
04007077
04007078
04007079
04007080
04007081
04007082
04007083
04010015
04010016
04010019
04010020
04010023
04010024
04010026
04010027
04011009
04014023
04015023
04020023
04026020
04026021
04027017
04029018
04029019
04029020
04029021
04029022
04029023
04029024
04029025
04029026
04029027
04029028
04029029
04029030
04029031
04029032
04029033
04029034
04031043
04033002
04033039
04034015
04034024
04035017
04035018
04035019
04035023
04036011
05004045
05006019
05008020
05009011
05012032
05013008
05013014
05015005
05017003
05019003
05019009
05024013
05029003
05029011
06002005
06002006
06003011
06005005
06006009
06008004
06008021
06009002
06009005
06012003
06014014
06021010
06021039
06021042
06022007
06022008
06022014
06024020
07001005
07002013
07005030
07013004
07013005
07019013
07020023
07020028
07020030
08001007
09001010
09001011
09004014
09004015
09006015
09009010
09009011
09013021
09015002
09023023
09025003
09030005
09030010
10001015
10001016
10003020
10004007
10004010
10004011
10005005
10008012
10012006
10013038
10016006
10019012
10022043
10024012
11001004
11001006
11006026
11007014
11007019
11007020
11008042
11008048
11009021
11010017
11010029
11011010
11012027
11021021
12009026
12010033
12010036
12012001
12012003
12013017
12019031
12020021
13004004
13004018
13004029
13004030
13004031
13008015
13008016
13008018
13008020
13008021
13008023
13008024
13008025
13008027
13012011
13012012
13012013
13012014
13016013
13016016
13024008
13024009
13024010
13024011
13024012
13024013
13024014
13024015
13024016
13024017
13024018
13024029
13025010
13025011
13025012
13025013
13025014
13025015
13025016
13025017
13025018
13025019
13025020
13025021
13025022
13025023
13025024
13025025
13025026
13025027
13025028
13025029
13025030
13025031
13026011
13027003
13027004
13027005
13027006
13027007
13027008
13027009
13027010
13027011
13027012
13027013
13027014
13027015
14006038
14009016
14019010
14020011
14030019
14034027
14035027
15002060
15002062
15004010
15004011
15007002
15007003
15007004
15007005
15007006
16008002
16011005
16011008
16011012
16011013
16011014
16012029
17001003
18006019
18006020
18021024
18024011
18031006
18031012
18035003
18040022
19002002
19002005
19002006
19007005
19008008
19008009
19009003
19009009
19009017
19010018
19017012
19018043
19021010
19024006
19048007
19051002
19076010
19096013
19102011
19103012
19103018
19105006
19106022
19124003
19124004
19136007
19136008
19136009
19136011
19136013
19136014
19136015
19136018
19136019
19136020
19136022
19136024
20001027
20006002
20006017
20006018
20006019
20026019
20030016
20030019
20030022
20030023
20030030
20030031
23001019
23002018
23003003
23007009
23010023
23020006
23021002
23022002
23022010
23032020
23033023
23037032
23041023
23043024
23045017
23059006
23065009
23065010
23065016
23065022
23066018
24001019
24003009
24003010
24021002
24022016
24023002
24026021
24027020
24029025
24032011
24034019
24034020
24037004
24037007
24049027
24052018
25003035
25003036
26001002
26001003
26003006
26016002
26040009
26048031
27002038
27002045
27009021
28002020
29002013
30005007
32001011
38007009
40005030
40014004
41001044
41005003
41006018
41006019
41007021
41009045
41015043
42001002
42001003
42001004
42001027
42001071
42002023
42008028
42008029
42009031
42012038
42020031
42023051
43001007
43006004
43010015
44001022
44001025
45009012
46001002
46005013
46007011
46010029
48001002
48001003
48001004
48001005
49001020
51001002
53002002
54001002
55001002
56001002
56001003
56001004
57001002
57001003
59001008
60001002
62001002
65001025
66001005
66002027
