40002010
40004022
40005012
40005024
40006021
40006032
40007008
40007014
40007025
40007027
40007029
40008006
40009003
40009021
40010022
40010025
40011030
40012004
40012008
40012032
40012044
40012049
40013046
40013048
40013050
40013054
40014004
40014010
40017023
40020004
40021007
40021025
40022036
40023035
40024005
40024038
40024039
40024049
40024051
40025007
40026007
40026015
40026066
40026068
40027010
40027014
40027042
40027058
41001005
41001006
41002007
41002026
41003005
41003008
41003010
41003015
41003032
41004017
41004019
41004038
41005003
41005004
41005007
41005008
41005028
41006018
41006028
41006034
41006040
41006048
41006049
41006050
41006055
41007002
41007019
41007022
41007026
41007035
41007037
41008002
41008003
41009013
41009031
41010006
41010008
41010030
41010034
41011005
41011030
41012015
41013004
41013006
41013013
41013036
41014036
41014049
41014052
41014058
41014059
41014064
41014067
41015009
41015030
41015041
41015043
41016002
41016011
42001009
42001015
42001027
42001044
42001049
42001055
42001069
42001074
42001075
42001078
42001079
42002023
42002024
42002030
42002045
42003002
42003020
42004007
42004011
42004026
42005007
42005009
42005010
42006004
42006023
42007005
42007006
42007021
42008029
42008042
42009031
42009053
42010011
42011006
42011007
42011010
42011032
42011048
42011051
42011054
42012030
42012034
42012036
42012038
42013029
42014030
42015006
42016028
42017019
42017021
42018008
42018030
42018033
42019002
42019004
42019021
42019023
42019048
42020031
42020043
42021017
42021021
42021022
42021035
42022030
42022037
42022048
42022053
42023019
42023029
42023031
42023037
42023045
42023051
42023055
42024014
42024020
42024023
42024029
42024051
43001025
43001027
43001033
43001041
43003002
43003024
43004006
43004007
43004008
43004018
43004024
43004030
43005029
43006009
43006040
43007003
43007038
43008005
43008006
43008008
43009014
43009023
43010009
43010015
43010032
43010036
43011002
43011006
43011018
43011019
43011022
43011026
43012013
43012018
43013005
43016015
43016027
43019020
43019024
43020004
43020007
44001003
44001010
44001022
44001025
44002020
44002027
44003010
44004022
44004035
44004037
44005006
44006013
44007003
44007006
44007015
44007050
44008016
44008017
44008023
44008028
44010046
44011024
44013005
44013007
44013008
44013033
44014010
44015018
44016021
44017023
44018020
44018021
44019014
44020012
44020038
44021023
44023007
44023008
44025027
44026003
44026016
44026018
44028011
45001004
45001010
45002002
45003023
45003026
45004018
45008006
45008039
45009003
45009012
45009020
45010015
45015026
46001002
46001009
46001015
46005004
46005005
46005013
46006010
46007016
46010004
46015004
47001016
47005019
47008014
47009002
47011015
47012003
47012004
47013008
47013009
48001002
48001014
48001016
48002004
48004010
48004025
48005004
48006013
49001005
49001020
49002002
49002005
49003017
49003019
49005014
50001016
50002016
50004016
51001002
51001006
51001007
51002021
52004002
52004010
53002017
54001002
54003015
54005012
54005018
55001002
55001017
55001018
55004012
57001005
57001009
58002002
58002008
58002015
58003004
58004004
58004005
58004006
58004008
58006014
58006020
58007002
58007003
58007014
58007019
58009017
58010006
58010017
58011018
58011031
58012004
59001008
59002003
59003010
60003002
60003020
61001018
61003004
62002006
62002016
62005008
63001011
64001004
66001005
66004007
66004008
66004010
66006017
66007002
66008011
66010007
66011017
66012009
66012014
66014010
66016014
66016016
66018016
66018018
66020003
66020006
66020013
66020015
66021025
66021026
66022002
66022004
