40001007
40001008
40001009
40001010
40001011
40002010
40011005
40017023
40022032
41006018
41008009
41008019
41012011
41014036
41015041
42001004
42001009
42001071
42002014
42002023
42002024
42003005
42003006
42020043
42023051
42024010
43001004
43003015
43004002
43004003
43005003
43005023
43009021
43011022
44001002
44001022
44001025
44002027
44002035
44004035
44013039
44015018
44015026
44015029
44019007
44026018
45001002
45001003
45001004
45001005
45001006
45001007
45001010
45001015
45003026
45009012
45009028
45015019
45015026
46001002
46005004
46005005
46005013
46015052
47001014
47004011
47010004
47012007
48002007
48002008
48002009
48002020
48004005
49001008
49001019
49003009
49003010
49004018
49006003
50002015
50002016
51001002
51001004
51001012
51001026
51002021
52001010
52002015
52003002
52003003
53001008
54001002
54002002
54002004
54002006
54005012
54006014
55001002
56001002
56001003
56001004
56001014
56003007
57001002
57001003
58003008
58003009
58003010
58003011
58006002
58010004
58013021
59001008
59003010
60003002
61001006
61001007
61003006
62003020
65001021
66002027
66002028
