01050026
02040038
03019001
03027034
04036013
05034012
06024033
07013001
07021025
08004022
09031013
10024025
12025030
13029030
14005001
15008001
15010044
16013031
17010003
18027001
18042017
19119100
19119101
19119110
19150006
20004027
20011001
20031031
21012014
22008014
23066024
24052034
25005022
26048035
27012013
28003001
28014009
30009015
31001021
32004011
33007020
34003019
35003019
36003020
37002023
38014021
39004006
40028020
42024053
43021025
44028031
45009001
45016027
46016024
48006018
49006024
50004023
51004018
52005028
53003018
54006021
55004022
56003015
57001025
58013025
59005020
60005014
61003018
62005021
63001013
64001014
64001015
65001025
66022021
