40001017
40009021
40010025
40013021
40014004
40019006
40020027
40022044
40023021
40023022
40023030
40024038
40024039
40024047
40025025
41002016
41003032
41005002
41005008
41005028
41006003
41006018
41006019
41009031
41010033
41012044
41014036
41015018
42001002
42001003
42001004
42001033
42001078
42002023
42002024
42002030
42002035
42002037
42003020
42003022
42003024
42003025
42003026
42003027
42003028
42003029
42003030
42003031
42003032
42003033
42003034
42003035
42003036
42003037
42003038
42004026
42005009
42005010
42005025
42005038
42006004
42006015
42006016
42007005
42007007
42007050
42008032
42008042
42011036
42012036
42014035
42019010
42021019
42023051
43001008
43001025
43001033
43003025
43004002
43004005
43009014
43010003
43011036
43012028
43012040
43013030
43016027
43018005
44001003
44001022
44002027
44003014
44004010
44004035
44008010
44008011
44013005
44013033
44013039
44015017
44015018
44017031
44017034
44019014
44023014
44028002
45001003
45003026
45004019
45004020
45004024
45005005
45005017
45006018
45007025
45008021
45008039
45009002
45009003
45009012
45009013
45011003
46001002
46006010
46010029
46011024
46011025
47001016
47005015
47007009
47009002
47009004
47012003
48001002
48004025
49001008
49002005
49002021
49002022
49006003
50001013
50003008
50003019
51001002
51004008
52002002
52002007
52004016
52004017
53001008
53002002
53002007
53002009
53002010
53002011
54003015
55001002
55001004
55001005
57001005
58001012
58006005
58006006
58007010
58007014
58009017
58012017
59001011
59002003
60003002
61001014
61001018
61001021
61002008
61003002
61003016
63001002
65001025
66019020
66020013
66020014
66020015
66022007
