40007014
40009013
40014004
40024016
41001033
41003010
41005003
41005008
41006018
41006050
41009013
41009031
41010030
41014067
42001002
42001003
42002037
42003020
42005032
42007005
42007020
42008029
42009031
42009052
42011032
42023051
43001033
43003024
43004002
43004008
43008029
43010015
43012011
44010046
44017031
45009012
45009013
45009023
47003013
47012004
49003019
51001004
51001022
53002004
54006004
58003008
58007005
58007007
58007010
58007014
58007019
58009012
58011018
58011026
58011031
58012004
60002003
60003002
65001025
66002025
66014010
