40007029
40008009
40009013
40010020
40011013
40012004
40014004
40014005
40024049
41002026
41003008
41003017
41003018
41003019
41005002
41005008
41006018
41007003
41007004
41008010
41009006
41009013
41009048
41012011
41014036
41015043
42001002
42001015
42001016
42001017
42001027
42001033
42001037
42001049
42001055
42001074
42001075
42001077
42002030
42002031
42002032
42004010
42004011
42004017
42006004
42007038
42008029
42008042
42009014
42011051
42011054
42012036
42017013
42020040
42022016
42022018
42023051
43001007
43001036
43004008
43005023
43006023
43006024
43011048
43013002
43013003
43017008
44001002
44001022
44001025
44002008
44002010
44002027
44002031
44004002
44004003
44004033
44006014
44007040
44008023
44010046
44013010
44013033
44014010
44015026
44016007
44016033
44018010
44018028
44019014
44020012
44020027
44020029
44021011
44025027
44026031
44028027
45001019
45003020
45008039
45009002
45009012
45009028
45011029
45014003
45015019
45016026
45016027
46001002
46002002
46003002
46003013
46003014
46003015
46003022
46004015
46005004
46005013
46008002
46008003
46008004
46008010
46010026
46011012
46011029
46015052
47001011
47001014
47001016
47002011
47003006
47012004
48001002
48004025
48005017
49001008
49001010
49001016
49002016
49003019
49004021
49005030
49006003
49006015
49006016
49006017
50001004
50001005
50001006
50001017
50002002
50002026
51001002
51001004
51001005
51001006
51001007
51001008
51002009
51002010
51003003
51003010
51003013
51004004
52002016
52002019
52003002
52004002
52004010
54002004
54002010
54002013
54002014
54003015
55001002
55001017
55004004
56001007
56001008
56001010
56002013
56003005
57001005
57001009
57001010
58002003
58006002
58006014
58006020
58009017
58011018
58012020
59002003
59002016
60001004
60001005
60002003
60004002
61001004
61001014
61001021
61003004
62002002
62005004
62005008
63001002
65001015
65001025
66002027
66005010
66014010
66019008
