40013014
40013016
40013017
40022045
40022046
40026032
41001004
41001005
41001006
41001007
41001008
41007008
41007009
41009049
41012037
41014028
42003024
42003025
42003026
42003027
42003028
42003029
42003030
42003031
42003032
42003033
42003034
42003035
42003036
42003037
42003038
42007033
42007034
42007035
42020018
42020044
42023031
43012014
43012041
44004012
44004027
44004028
44004029
44004030
44013034
44013035
45008037
45008038
45008039
45009016
45009017
45009018
45009026
45009027
45009029
45010019
45010020
45010021
45011009
45012021
45014012
45015010
45015011
45015012
45015022
45016003
45016004
45016005
45016006
45016007
45016008
45016009
45016010
45016011
45016012
45016013
45016014
45016015
45016016
46002010
46015033
46015034
46015056
46015057
47006017
47009010
47009011
49004009
49004010
49004011
49004012
49004013
58001006
58001007
58001008
58001013
58001014
58002009
58002013
58004004
58004005
58004008
58004009
58004010
58004011
58005006
58007022
58010008
58010009
58010010
58010039
58013006
60002007
60002023
60002024
60002025
60005006
66004009
66004010
66005014
66007005
66007006
66007007
66007008
66007011
66011016
66011017
66016007
66016016
66017006
