40009021
40010020
40012037
40013039
40014004
40018020
40020027
40020028
40024021
40026004
40027010
40027058
41003010
41004012
41005028
41006018
41006050
41007026
41009006
41009031
41012011
41013022
41014067
41015041
42001055
42001079
42002023
42002031
42008042
42014029
42020004
42020043
42023051
43001020
43003034
43004002
43004044
43005023
43006055
43009019
43010015
43011050
43012011
43018027
43020007
44001002
44001022
44002035
44007050
44013039
44015021
44024021
45001004
45001010
45004019
45009003
45009012
45015006
45015016
46005013
46006020
46014033
46015052
47001014
47001016
47002011
48001016
48002004
48004005
49001019
49001023
49002002
49003015
49003019
50001010
50002015
50002016
50003009
50003011
51002021
52002007
52003003
52004005
53001008
54001013
56003007
58005006
58006005
58006006
58009017
58011018
58012019
58013021
59001008
60003020
61003012
62005004
63001002
65001015
65001021
