40003004
40003005
40003006
40004007
40005011
40011006
40013016
40013017
40021010
40021011
40021017
40021043
40022045
40022046
40024030
40024031
40026032
40026033
40026034
40026035
40027047
40027048
40027049
40027050
40027051
40027052
40027053
41001004
41001005
41001006
41007008
41007009
41007010
41007011
41007012
41007013
41012037
42002033
42002034
42002035
42004011
42004012
42004013
42004020
42004021
42006023
42007023
42007028
42007029
42007030
42020018
42020019
42020044
43001013
43001015
43001017
43001018
43012014
43012016
43012017
43012018
43012019
43012039
43012041
43012042
43012043
43019025
44002022
44002023
44002024
44002025
44002029
44002030
44002031
44002036
44007051
44008034
44008035
44008036
44008038
44008039
44008040
44013034
44013035
44013036
44013037
44013038
44013039
44013040
44013048
44015024
44015025
44015026
44015027
44015028
44015029
44017029
44017030
44017031
44023026
44023027
44023028
44023029
44023030
44028028
45003019
45003020
45008037
45008038
45008039
45009027
45009029
45010019
45010020
45010021
45011009
45011028
45011029
45011030
45011031
45011032
45014012
45015010
45015011
45015012
45015013
46002010
46002011
46002012
46002013
46002014
46002015
46002016
58001006
58001007
58001008
58001010
58001013
58001014
58002009
58002013
58002014
58002015
58002016
58002017
58002018
58003016
58003017
58003018
58003019
58004004
58004005
58004006
58004007
58004008
58004009
58004010
58004011
58005006
58005007
58005008
58005009
58005010
58007018
58007019
58008013
58010018
58010039
58012007
58012008
58012009
58012010
58012011
59004007
59004008
59004009
59004010
60003019
60003020
60003021
60003022
66005013
66005014
66007011
66007012
66011016
66011017
66011019
66016007
66019004
