### 40010004 corrected->	40010004	

40001003	
40001004	
40001005	
40001006	
40001007	
40001008	
40001009	
40001010	
40001011	
40001012	
40001013	
40001014	
40001015	
40001016	
40010003	
41007007	
41012011	
42001074	
42001075	
42003024	
42003025	
42003026	
42003027	
42003028	
42003029	
42003030	
42003031	
42003032	
42003033	
42003034	
42003035	
42003036	
42003037	
42006015
42006016
42024051
42024052
43006032
43019008
44001025
44002010
44002011
44002024
44002027
44002035
44004009
44004030
44004035
44005002
44005028
44005039
44010047
44020008
44021038
44022003
44028015
45008038
46006010
46012030
46014034
47001023
47002015
47002016
47008023
47011029
49003020
52005026
52005027
56003014
66007006
66007007
66007008
66014009
