40002006
40002009
40002010
40002018
40004015
40004016
40006010
40006011
40006012
40006013
40012018
40012019
40012020
40012021
40013015
40015008
40015009
40021005
40022044
41001003
41007007
41012011
42001047
42001048
42001049
42001050
42001051
42001052
42001053
42001054
42001055
42001068
42001069
42001070
42001071
42001072
42001073
42001074
42001075
42001076
42001077
42001078
42001079
42002029
42002030
42002031
42002032
42003005
42003006
42004018
42004019
42009030
42009031
42011003
42011004
42020030
42020031
42020043
43001001
43001002
43001003
43001004
43001005
43001009
43001010
43001011
43001012
43001013
43001014
43001016
43001017
43001018
43004007
43004008
43009013
43009014
43012015
43012040
43013002
43013003
44001001
44001002
44001021
44001022
44002017
44002018
44002019
44002020
44002021
44002026
44002027
44002028
44002035
44004026
44007043
44007049
44007050
44008033
44011002
44011003
44013041
44015016
44015017
44015018
44024002
44024003
44028026
44028027
45001001
45001002
45001003
45001004
45001006
45001007
45003011
45003012
45003013
45003014
45003015
45003016
45003017
45003018
45003025
45003026
45004007
45004008
45009011
45009012
45009013
45009026
45009028
45011010
45011027
45011034
45011035
46002016
46005012
46005013
46013004
46013005
46013006
46013007
46013008
46013009
46013010
46013011
46013012
46013013
46015055
47006017
47006018
47012003
47012004
48001015
48001016
49001003
49001004
49001005
49001006
49001007
49001008
49001009
49001010
49001011
49001012
49001013
49001014
49001019
49001020
50002006
50002007
50002008
50002009
50002010
50002011
51001015
51001016
51001017
51001018
51001019
51001020
52001002
52001003
54003014
54003015
54006016
55002012
55002013
55003006
55003007
56001001
56001002
58001009
58001011
58001012
58002007
58002008
58003008
58003009
58003010
58003011
58008009
58008010
58008011
58008012
58010006
58010007
58010016
58010017
58010038
58012006
59001019
59001020
60001025
60002008
60002010
60002022
60002023
60002024
60002025
60003011
60003012
66001007
66002027
66002028
66004011
66005010
66007005
66007006
66007007
66007008
66011018
66012011
66012012
66013010
66015004
66016006
66018003
66018005
66018006
66018007
66018008
66018014
66018017
66018020
66018022
66018023
66018024
66019002
66019007
66019008
