40001002
40001003
40001004
40001005
40001006
40001007
40001008
40001009
40001010
40001011
40001012
40001013
40001014
40001015
40001016
40002009
40002010
40010017
40010018
40012046
40012047
40017020
40018010
40021029
40021030
40022045
40022046
40023013
41002025
41002026
41007008
41007015
41009043
41009045
41011025
41012037
41015027
41015042
41015043
42001039
42001040
42003023
42003024
42003025
42003026
42003027
42003028
42003029
42003030
42003031
42003032
42003033
42003034
42003035
42003036
42003037
42003038
42004011
42007028
42017035
42020018
42020044
42023016
42023050
42023051
43005003
43010014
43010015
43020003
43020004
44001021
44001022
44002032
44002033
44002034
44004012
44004027
44004028
44004029
44004030
44008036
44013034
44013035
44013036
44013037
44013038
44013039
44013040
44014008
44014009
44015024
44015025
44015026
44015027
44015028
44015029
44015033
44017029
44017030
44017031
44019018
44019019
44023026
44023027
44023028
44023029
44023030
44024006
44024008
44026012
44026013
44028028
45001003
45001004
45009011
45009012
45010019
45010020
45010021
45011009
45011036
45014012
45015010
45015011
45015012
45016023
46002010
46002011
46002012
46005012
46005013
46015056
47009010
47009011
47009012
47009013
47009014
47009015
58001006
58001008
58001010
58001013
58002009
58002010
58002013
58004004
58004005
58004006
58004007
58005006
58007022
58008013
58010005
58010006
58010017
58010018
58010039
60002007
60002008
60004019
62005007
62005008
66005013
66005014
66007005
66007006
66007007
66007008
