40002007	Alors Hérode convoqua secrètement les savants et s’informa auprès d’eux du moment précis où l’étoile était apparue. 
40002008	Puis il les envoya à Bethléem, en leur disant : « Allez chercher des renseignements précis sur l’enfant ; et quand vous l’aurez trouvé, faites-le-moi savoir, afin que j’aille, moi aussi, l’adorer. »
40003004
40003005
40003006
40004007
40004017
40005011
40005012
40021043
41001004
41001005
41007008
41012037
41015042
41015043
42004020
42004021
42004022
42004023
42004024
42004025
42004026
42004027
42006026
42020018
42020044
42023044
42023045
42023050
42023051
43004001
43004002
43004003
43008001
43008002
43008003
43008004
43008005
43012016
43012039
43012041
44001021
44001022
44002032
44002033
44002034
44002036
44004012
44004027
44004028
44004029
44004030
44004031
44008034
44008035
44008036
44008038
44008039
44008040
44013034
44013035
44013036
44013037
44013038
44013039
44013040
44015019
44015020
44015021
44028028
45003025
45003026
45008037
45008038
45008039
45009011
45009012
45009027
45009028
45009029
45010019
45010020
45010021
45011036
45014012
45015010
45015011
45015012
46001020
46002010
46002011
46002012
46002013
46005003
46005004
46005012
46005013
46014022
46015056
46015057
47006017
47009010
47009011
47009012
47009013
47009014
47009015
47012003
47012004
48001015
48001016
49004009
49004010
49004011
49004012
49004013
49004014
49004015
49004016
58001006
58001007
58001008
58001010
58001013
58001014
58002013
58003016
58003017
58003018
58003019
58005006
58006004
58006005
58006006
58007018
58007019
58007022
58008013
58010008
58010009
58010010
58010017
58010018
58010039
58012007
58012008
58012009
58012010
58012011
60002007
60002008
60004019
66002026
66002027
66002028
66004009
66004010
66005013
66005014
