40001022
40001023
40002005
40002006
40002017
40002018
40003001
40003002
40004014
40004015
40004016
40011002
40011003
40011011
40011016
40011017
40011020
40011021
40012017
40012018
40012019
40012020
40012021
40013014
40013015
40013049
40013050
40014006
40014007
40015007
40015008
40015009
40017014
40017015
40018002
40018003
40018032
40018033
40019018
40019019
40020011
40020012
40020013
40020014
40021004
40021005
40021012
40021013
40022031
40022032
40022035
40022036
40022043
40022044
40022046
40026001
40026002
40026003
40026004
40026060
40026061
40027003
40027004
40027009
40027010
40027033
40027034
40027039
40027040
40028005
40028006
40028012
40028013
40028018
40028019
40028020
41001014
41001015
41001043
41001044
41002006
41002007
41008009
41008010
41012010
41012011
41013026
41013027
42001005
42001006
42001046
42001047
42001048
42001049
42001054
42001055
42001069
42001070
42001073
42001074
42001075
42002022
42002023
42002029
42002030
42002031
42004009
42004010
42004011
42004018
42004019
42004025
42004026
42006047
42006048
42009007
42009008
42009023
42009024
42011005
42011006
42013023
42013024
42016027
42016028
42017007
42017008
42019020
42019021
42019022
42019023
42019026
42019027
42019029
42019030
42019031
42019037
42019038
42019041
42019042
42019043
42020042
42020043
42021005
42021006
42021029
42021030
42022006
42022007
42022014
42022015
43008009
43008010
43012014
43012015
44002034
44002035
44005003
44005004
44005027
44005028
44007027
44007028
44007031
44007032
44007033
44007034
44007048
44007049
44007050
44007055
44007056
44010010
44010011
44010019
44010020
44013040
44013041
44013046
44013047
44014009
44014010
44020020
44020021
44025002
44025003
45005016
45005017
45014012
46002010
46002011
46002012
46003021
46003022
46003023
46005004
46005005
46005010
46005011
46007001
46007002
46007021
46007022
46008005
46008006
46011023
46011024
46014032
46014033
46015008
46015009
46015056
46015057
49001015
49001016
49001019
49001020
49002004
49002005
49004009
49004010
50002001
50002002
56003004
56003005
58001006
58001007
58001008
58001009
58001010
58001011
58001012
58001013
58002009
58002010
58004008
58005006
58006013
58006014
58010008
58010009
58010010
58010017
59002002
59002003
59002015
59002016
59005019
59005020
66001004
66001005
