01001001
01001002
01004017
01004018
01004019
01004020
01004021
01004022
01004023
01004024
01004025
01004026
01019030
01019031
01019032
01019033
01019034
01019035
01019036
01019037
01019038
01021022
01021023
01021024
01021025
01021026
01021027
01021028
01021029
01021030
01021031
01021032
01021033
01021034
01022020
01022021
01022022
01022023
01022024
01025001
01025002
01025003
01025004
01025005
01025006
01026001
01026002
01026003
01026004
01026005
01026006
01026007
01026008
01026009
01026010
01026011
01026016
01026017
01026018
01026019
01026020
01026021
01026022
01026023
01026026
01026027
01026028
01026029
01026030
01026031
01026032
01026033
01026034
01026035
01028006
01028007
01028008
01028009
01031022
01031023
01031024
01031025
01031026
01031027
01031028
01031029
01031030
01031031
01031032
01031033
01031034
01031035
01031036
01031037
01031038
01031039
01031040
01031041
01031042
01031043
01031044
01031045
01031046
01031047
01031048
01031049
01031050
01031051
01031052
01031053
01031054
01031055
01032032
01046007
01046008
01046009
01046010
01046011
01046012
01046013
01046014
01046015
01046016
01046017
01046018
01046019
01046020
01046021
01046022
01046023
01046024
01046025
01047013
01047014
01047015
01047016
01047017
01047018
01047019
01047020
01047021
01047022
01047023
01047024
01047025
01047026
02006014
02006015
02006016
02006017
02006018
02006019
02006020
02006021
02006022
02006023
02006024
02006025
02006026
02006027
02006028
02006029
02006030
02007001
02007002
02007003
02007004
02007005
02008019
02012041
02012042
02012043
02012044
02012045
02012046
02012047
02012048
02012049
02016036
02017016
02021002
02021003
02021004
02021005
02021006
02021007
02021008
02021009
02021010
02021011
02021012
02021013
02021014
02021015
02021016
02021017
02021018
02021019
02021020
02021021
02021022
02021023
02021024
02021025
02021026
02021027
02021028
02021029
02021030
02021031
02021032
02021033
02021034
02021035
02021036
02023001
02023002
02023003
02023004
02023005
02023006
02023007
02023008
02023009
02023010
02023011
02023012
02023013
02023014
02023015
02023016
02023017
02023018
02023019
02030011
02030012
02030013
02030014
02030015
02030016
02030022
02030023
02030024
02030025
02030026
02030027
02030028
02030029
02030030
02030031
02030032
02030033
02030034
02030035
02030036
02030037
02030038
02035001
02035002
02035003
02038021
02038022
02038023
02038024
02038025
02038026
02038027
02038028
02038029
02038030
02038031
05001009
05001010
05001011
05001012
05001013
05001014
05001015
05001016
05001017
05001018
05001019
05001020
05001021
05001022
05001023
05001024
05001025
05001026
05001027
05001028
05001029
05001030
05001031
05001032
05001033
05001034
05001035
05001036
05001037
05001038
05001039
05001040
05001041
05001042
05001043
05001044
05001045
05001046
05004041
05004042
05004043
05004044
05004045
05004046
05004047
05004048
05004049
05010006
05010007
05010008
05010009
05011001
05011002
05011003
05011004
05011005
05011006
05011007
05012015
05012016
05012017
05012018
05012019
05012020
05012021
05012022
05012023
05012024
05012025
05012026
05012027
05013005
05013006
05013007
05013008
05013009
05013010
05013011
05013012
05013013
05013014
05013015
05013016
05013017
05013018
05014003
05014004
05014005
05014006
05014007
05014008
05014009
05014010
05014011
05014012
05014013
05014014
05014015
05014016
05014017
05014018
05014019
05014020
05014021
05018001
05018002
05018003
05018004
05018005
05018006
05018007
05018008
05019001
05019002
05019003
05019004
05019005
05019006
05019007
05019008
05019009
05019010
05019011
05019012
05019013
05019014
05022008
05022009
05022010
05022011
05022012
05022013
05022014
05022015
05022016
05022017
05022018
05022019
05022020
05022021
05022022
05022023
05022024
05022025
05022026
05022027
05022028
05022029
05022030
05023001
05023002
05023003
05023004
05023005
05023006
05023007
05023008
05023009
05023010
05023011
05023012
05023013
05023014
05023015
05023016
05023018
05023019
05023020
05023021
05023022
05023023
05024001
05024002
05024003
05024004
05024005
05024006
05024007
05024008
05024009
05024010
05024011
05024012
05024013
05024015
05024016
05024017
05024018
05025001
05025002
05025003
05025007
05025008
05025009
05025010
05025011
05025012
05025013
05025014
05025015
05025016
05025017
05025018
05025019
05028030
05028031
05028032
05028033
05028034
05028035
05028036
05028037
05028038
05028039
05028040
05028041
05028042
05028068
05031009
05031010
05031011
05031012
05031013
05031024
05031025
05031026
05031027
05031028
05031029
05031030
05032044
06010016
06010017
06010018
06010019
06010020
06010021
06010022
06010023
06010024
06010025
06010026
06010027
06010028
06010029
06010030
06010031
06010032
06010033
06010034
06010035
06010036
06010037
06010038
06010039
06010040
06010041
06010042
06010043
06013009
06013010
06013011
06013012
06013013
06013014
06013015
06013016
06013017
06013018
06013019
06013020
06013021
06013022
06013023
06013024
06013025
06013026
06013027
06013028
06013029
06013030
06013031
06013032
06013033
06014001
06014002
06014003
06014004
06015002
06015003
06015004
06015005
06015006
06015007
06015008
06015009
06015010
06015011
06015012
06015013
06015014
06015015
06015016
06015017
06015018
06015019
06015020
06015021
06015022
06015023
06015024
06015025
06015026
06015027
06015028
06015029
06015030
06015031
06015032
06015033
06015034
06015035
06015036
06015037
06015038
06015039
06015040
06015041
06015042
06015043
06015044
06015045
06015046
06015047
06015048
06015049
06015050
06015051
06015052
06015053
06015054
06015055
06015056
06015057
06015058
06015059
06015060
06015061
06015062
06015063
09002027
09002028
09002029
09002030
09002031
09002032
09002033
09002034
09002035
09002036
09004019
09004020
09004021
09004022
09010001
09010002
09010003
09010004
09010005
09010006
09010007
09010008
09010009
09010010
09010011
09010012
09010013
09010014
09010015
09010016
09014002
09014003
09014004
09014005
09014024
09014025
09014026
09014027
09014028
09014029
09014030
09014031
09014032
09014033
09014034
09014035
09014036
09014037
09014038
09014039
09014040
09014041
09014042
09014043
09014044
09014045
09014046
09014047
09014048
09014049
09014050
09014051
09014052
09019019
09019020
09019021
09019022
09019023
09019024
09020008
09020009
09020010
09020011
09020012
09020013
09020014
09020015
09020016
09021011
09021012
09021013
09021014
09021015
09023001
09023002
09023003
09023004
09023005
09023006
09023007
09023008
09023009
09023010
09023011
09023012
09023013
09025002
09025003
09025004
09025005
09025006
09025007
09025008
09025009
09025010
09025011
09025012
09025013
09025014
09025015
09025016
09025017
09025018
09025019
09025020
09025021
09025022
09025023
09025024
09025025
09025026
09025027
09025028
09025029
09025030
09025031
09025032
09025033
09025034
09025035
09025036
09025037
09025038
09025039
09025040
09025041
09025042
09025044
09027002
09027003
09027004
09027005
09027006
09027007
09027008
09027009
09027010
09027011
09027012
09028001
09028002
09028021
09028022
09028023
09028024
09028025
09031005
09031006
09031007
10002005
10002006
10002007
10002013
10002014
10002015
10002016
10002017
10002018
10002019
10002020
10002021
10002022
10002023
10002024
10002025
10002026
10002027
10002028
10002029
10002030
10002031
10002032
10012025
10012026
10012027
10012028
10012029
10012030
10012031
11002005
11002006
11002007
11002008
11002009
11002013
11002014
11002015
11002016
11002017
11002018
11002019
11002020
11002021
11002022
11002023
11002024
11002025
11002026
11002027
11002028
11002029
11002030
11002031
11002032
11002033
11002034
11002035
11002036
11002037
11002038
11002039
11002040
11002041
11002042
11002043
11002044
11002045
11002046
11003001
11003016
11003017
11003018
11003019
11003020
11003021
11003022
11003023
11003024
11003025
11003026
11003027
11003028
11004001
11004002
11004003
11004004
11004005
11004006
11004007
11004008
11004009
11004010
11004011
11004012
11004013
11004014
11004015
11004016
11004017
11004018
11004019
11004020
11004021
11004022
11004023
11004024
11004025
11004026
11004027
11004028
11004031
11004032
11004033
11004034
11005015
11005016
11005017
11005018
11008031
11008032
11008033
11008034
11008035
11008036
11008037
11008038
11008039
11008040
11008041
11008042
11008043
11008044
11008045
11008046
11008047
11008048
11008049
11008050
11008051
11008052
11008053
11009010
11009011
11009012
11009013
11009014
11009015
11009016
11009017
11009018
11009019
11009020
11009021
11009022
11009023
11009024
11009025
11009026
11009027
11009028
11010014
11010015
11010016
11010017
11010018
11010019
11010020
11010021
11010022
11010023
11010024
11010025
11010026
11010027
11010028
11010029
11011014
11011015
11011016
11011017
11011018
11011019
11011020
11011021
11011022
11011023
11011024
11011025
11012021
11012022
11012023
11012024
11012025
11013007
11013008
11013009
11013010
11013011
11013012
11013013
11013014
11013015
11013016
11013017
11013018
11013019
11013020
11013021
11013022
11013023
11013024
11013025
11013026
11013027
11013028
11013029
11013030
11013031
11013032
11013034
11014001
11014002
11014003
11014004
11014005
11014006
11014007
11014008
11014009
11014010
11014011
11014012
11014013
11014014
11014015
11014016
11014017
11014018
11014019
11014020
11015033
11015034
11018003
11018004
11018005
11018006
11018007
11018008
11018009
11018010
11018011
11018012
11018013
11018014
11018015
11018016
11022002
11022003
11022004
11022005
11022006
11022007
11022008
11022009
11022010
11022011
11022012
11022013
11022014
11022015
11022016
11022017
11022018
11022019
11022020
11022021
11022022
11022023
11022024
11022025
11022026
11022027
11022028
11022029
11022030
11022031
11022032
11022033
11022034
11022035
11022036
11022037
11022038
11022039
11022040
12008001
12008002
12008003
12008004
12008005
12008006
12008007
12008008
12008009
12008010
12008011
12008012
12008013
12008014
12008015
12008028
12008029
12009029
12009031
12009032
12009033
12009034
12009035
12009036
12009037
12012018
12012019
12014024
12014025
12014026
12014027
12014028
12014029
12017025
12017026
12017027
12017028
12017029
12017030
12017031
12017032
12017033
12017034
12017035
12017036
12017037
12017038
12017039
12017040
12017041
12020012
12020013
12020014
12020015
12020016
12020017
12020018
12020019
12020020
12020021
12025022
12025023
12025024
12025025
12025026
12025027
12025028
12025029
12025030
15003001
15003002
15003003
15003004
15003005
15003006
15004006
15004007
15004008
15004009
15004010
15004011
15004012
15004013
15004014
15004015
15004016
15004017
15004018
15004019
15004020
15004021
15004022
15004023
15004024
15005003
15005004
15005005
15005006
15005007
15005008
15005009
15005010
15005011
15005012
15005013
15005014
15005015
15005016
15005017
15006001
15006002
15006003
15006004
15006005
15006006
15006007
15006008
15006009
15006010
15006011
15006012
15006013
15006019
15006020
15006021
15006022
15007011
15007012
15007013
15007014
15007015
15007016
15007017
15007018
15007019
15007020
15007021
15007022
15007023
15007024
15007025
15007026
15007027
15007028
15008001
15008002
15008003
15008004
15008005
15008006
15008007
15008008
15008009
15008010
15008011
15008012
15008013
15008014
15008016
15008017
15008018
15008019
15008020
15008024
15008025
15008026
15008027
15008028
15008029
15008030
15008036
16008013
16008014
16008015
16008016
16008017
16008018
16009038
16010001
16010002
16010003
16010004
16010005
16010006
16010007
16010008
16010009
16010010
16010011
16010012
16010013
16010014
16010015
16010016
16010017
16010018
16010019
16010020
16010021
16010022
16010023
16010024
16010025
16010026
16010027
16010030
16010031
16010032
16010033
16010034
16010035
16010036
16010037
16010038
16010039
19040012
19040013
19040014
19040015
19040016
19040017
19040018
19042006
19042007
19042008
19042009
19042010
19042011
19042012
19051018
19051019
19051020
19051021
19119001
19119002
19119003
19119004
19119005
19119006
19119007
19119008
19119021
19119022
19119023
19119024
19119025
19119026
19119027
19119028
19119029
19119030
19119031
19119032
19119033
19119034
19119035
19119036
19119037
19119038
19119039
19119040
19119041
19119042
19119043
19119044
19119045
19119046
19119047
19119048
19119049
19119050
19119051
19119052
19119053
19119054
19119055
19119056
19119057
19119058
19119059
19119060
19119061
19119062
19119063
19119064
19119065
19119066
19119067
19119068
19119069
19119070
19119071
19119072
19119073
19119074
19119075
19119076
19119077
19119078
19119079
19119080
19119081
19119082
19119083
19119084
19119085
19119086
19119087
19119088
19119090
19119091
19119092
19119093
19119094
19119095
19119096
19119106
19119107
19119108
19119109
19119110
19119111
19119112
19119113
19119114
19119115
19119116
19119117
19119118
19119119
19119120
19119121
19119122
19119123
19119124
19119125
19119126
19119127
19119128
19119129
19119130
19119131
19119132
19119133
19119134
19119135
19119136
19119137
19119138
19119139
19119140
19119141
19119142
19119143
19119144
19119145
19119146
19119147
19119148
19119149
19119150
19119151
19119152
19119153
19119154
19119155
19119156
19119157
19119158
19119159
19119160
19119161
19119162
19119163
19119164
19119165
19119166
19119167
19119168
19119169
19119170
19119171
19119172
19119173
19119174
19119175
19119176
23002006
23002007
23002008
23002009
23002010
23002011
23002012
23002013
23002014
23002015
23002016
23002017
23002018
23002019
23002020
23002021
23002022
23005008
23005009
23005010
23005011
23005012
23005013
23005014
23005015
23005016
23005017
23005018
23005019
23005020
23005021
23005022
23005023
23005024
23005025
23005026
23005027
23005028
23005029
23005030
23007017
23007018
23007019
23007020
23007021
23007022
23007023
23007024
23007025
23008001
23008002
23008003
23008004
23009008
23009009
23009010
23009011
23009012
23009013
23009014
23009015
23009016
23009017
23009018
23009019
23009020
23009021
23011010
23011011
23011012
23011013
23011014
23011015
23011016
23014023
23014024
23014025
23014026
23014027
23014028
23014029
23014030
23014031
23014032
23030019
23030020
23030021
23030022
23030023
23030024
23030025
23030026
23030027
23030028
23030029
23030030
23030031
23030032
23030033
23041021
23041022
23041023
23041024
23041025
23041026
23041027
23041028
23041029
23044001
23044002
23044003
23044004
23044005
23044006
23044007
23044008
23044021
23044022
23044023
23044024
23044025
23044026
23044027
23044028
23048001
23048002
23048003
23048004
23048005
23048006
23048007
23048008
23048009
23048010
23048011
23048012
23048013
23048014
23048015
23048016
23055013
23066003
23066004
23066005
23066006
23066007
23066008
23066009
23066010
23066011
23066012
23066013
23066014
23066015
23066016
23066017
23066018
23066019
23066020
23066021
23066022
23066023
23066024
24006001
24006002
24006003
24006004
24006005
24006006
24006007
24006008
24006009
24006010
24006011
24006012
24006013
24006014
24006015
24009001
24009002
24009003
24009004
24009005
24009006
24009007
24009008
24009009
24009025
24009026
24012014
24012015
24012016
24012017
24017001
24017002
24017003
24017004
24017005
24017006
24017007
24017008
24017009
24017010
24017011
24017012
24017013
24017014
24017015
24017016
24017017
24017018
24018013
24018014
24018015
24018016
24018017
24018018
24018019
24018020
24018021
24018022
24018023
24020007
24020008
24020009
24020010
24020011
24020012
24020013
24020014
24020015
24020016
24020017
24020018
24023033
24023034
24023035
24023036
24023037
24023038
24023039
24023040
24029024
24029025
24029026
24029027
24029028
24029029
24029030
24029031
24029032
24032001
24032002
24032003
24032004
24032005
24032006
24032007
24032008
24032009
24032010
24032011
24032012
24032013
24032014
24032015
24038014
24038015
24038016
24038017
24038018
24038019
24038020
24038021
24038022
24038023
24038024
24038025
24038026
24038027
24038028
24051015
24051016
24051017
24051018
24051019
24051020
24051021
24051022
24051023
24051026
24051027
24051028
24051029
24051030
24051031
24051032
24051033
24051034
24051035
24051036
24051037
24051038
24051039
24051040
24051041
24051042
24051043
24051044
24051050
24051051
24051052
24051053
24051054
24051055
24051056
24051057
24051058
24051059
24051060
24051061
24051062
24051063
24051064
26036001
26036002
26036003
26036004
26036005
26036006
26036007
26036008
26036009
26036010
26036011
26036012
26036013
26036014
26036015
26036016
26036017
26036018
26036019
26036020
26036021
26040043
26040044
26040045
26040046
26040047
26040048
26040049
26043013
26043014
26043015
26043016
26043017
26043018
26043019
26043020
26043021
26043022
26043023
26043024
26043025
26043026
26043027
26044001
26044002
26044003
26044010
26044011
26044012
26044013
26044014
26044015
26044016
26044017
26044018
26044019
26044020
26044021
26044022
26044023
26044024
26044025
26044026
26044027
26044028
26044029
26044030
26044031
28004015
28004016
28004017
28004018
28004019
28005001
28005002
28005003
28005004
28005005
28005006
28005007
28005008
28005009
28005010
28005011
28005012
28005013
28005014
28006007
28006008
28006009
28006010
28006011
28011010
28011011
28011012
28013001
28013002
28013003
38001007
38001008
38001009
38001010
38001011
38001012
38001013
38001014
38001015
38001016
38001017
38001018
38001019
38001020
38001021
38009001
38009002
38009003
38009004
38009005
38009006
38009007
38009008
41006006
42009043
42020020
43016004
44017010
