42003023
42003024
42003025
42003026
42003027
42003028
42003029
42003030
42003031
42003032
42003033
42003034
42003035
42003036
42003037
42003038
42012035
42012036
42017037
42023050
42023051
43004007
43004008
43010014
43010015
44008036
44013038
44013039
44024018
44024019
45001003
45001004
45001006
45001007
45008038
45008039
45009011
45009012
45009013
46001001
46001002
46005012
46005013
46006009
46006010
49001007
49001008
49006002
49006003
50001013
50001014
52002011
52002012
54001018
54001019
66002027
66002028
66004009
66004010
