01002005
01002006
01002007
01002011
01002012
01002013
01002014
01002025
01004017
01004018
01004019
01004020
01004021
01004022
01004023
01004024
01004025
01004026
01006004
01006022
01007001
01007002
01007003
01007004
01007005
01007006
01007007
01007008
01007009
01007024
01009018
01009019
01009028
01009029
01010001
01010002
01010003
01010004
01010005
01010006
01010007
01010011
01010012
01010013
01010014
01010015
01010016
01010017
01010018
01010019
01010020
01010021
01010022
01010023
01010024
01010025
01010026
01010027
01010028
01010029
01010030
01010031
01010032
01011001
01011002
01011003
01011004
01011005
01011006
01011007
01011008
01011009
01012010
01012011
01012012
01012013
01012014
01012015
01012016
01012017
01012018
01012019
01012020
01015007
01015008
01015009
01015010
01015011
01015012
01015013
01015014
01015015
01015016
01015017
01015018
01015019
01015020
01015021
01017007
01017008
01017013
01017014
01017023
01017024
01017025
01017026
01017027
01019022
01019030
01019031
01019032
01019033
01019034
01019035
01019036
01019037
01019038
01021022
01021023
01021024
01021025
01021026
01021027
01021028
01021029
01021030
01021031
01021032
01021033
01021034
01022020
01022021
01022022
01022023
01022024
01025001
01025002
01025003
01025004
01025005
01025006
01025010
01025011
01025012
01025013
01025014
01025015
01025016
01025017
01025018
01028006
01028007
01028008
01028009
01029031
01029033
01029034
01029035
01030001
01030002
01030003
01030004
01030005
01030006
01030007
01030008
01030009
01030010
01030011
01030012
01030013
01030014
01030015
01030016
01030017
01030018
01030019
01030020
01030021
01030022
01030023
01030024
01030025
01030026
01030027
01030028
01030029
01030030
01030031
01030032
01030033
01030034
01030035
01030036
01031019
01031020
01031021
01033017
01033018
01033019
01033020
01035013
01035014
01035015
01035020
01035021
01035022
01035023
01035024
01035025
01035026
01037029
01037030
01039001
01039002
01039003
01039004
01039005
01047027
01047028
01047029
01047030
01047031
02002022
02002023
02002024
02002025
02003021
02003022
02004022
02004023
02004024
02004025
02004026
02004027
02004028
02005023
02007001
02007002
02007003
02007004
02007005
02007006
02007007
02007025
02011002
02011003
02011009
02011010
02012043
02012044
02012045
02012046
02012047
02012048
02012049
02012050
02012051
02013001
02013002
02013003
02013004
02013005
02013006
02013007
02013008
02013009
02013010
02013011
02013012
02013013
02013014
02013015
02013016
02013017
02013018
02013019
02013020
02014001
02014002
02014003
02014004
02015002
02015003
02015004
02015005
02015006
02015007
02015008
02015009
02015010
02015011
02015012
02015013
02015014
02015015
02015016
02015017
02015018
02015019
02015027
02016032
02016033
02016034
02016035
02016036
02017007
02017014
02017015
02017016
02019013
02019014
02019015
02019020
02019021
02019022
02019023
02019024
02019025
02020022
02020023
02020024
02020025
02020026
02024001
02024002
02024008
02024009
02024010
02024011
02032025
02032026
02032027
02032028
02032029
02032030
02034009
02034010
02034011
02034012
02034013
02034014
02034015
02034016
02034017
02034018
02034019
02034020
02034021
02034022
02034023
02034024
02034025
02034026
02034027
02034031
02034032
02034033
02034034
02034035
04013024
04014040
04014041
04014042
04014043
04014044
04014045
04020013
04020014
04020015
04020016
04020017
04020018
04020019
04020020
04020021
04020029
04021001
04021002
04021003
04021010
04021011
04021012
04021013
04021014
04021015
04021016
04021017
04021018
04021019
04021020
04021021
04021022
04021023
04021024
04021025
04021026
04021027
04021028
04021029
04021030
04021031
04021032
04021033
04021034
04021035
04022001
04022002
04022003
04022004
04022005
04022006
04022007
04022008
04022009
04022010
04022011
04022012
04022013
04022014
04022015
04022016
04022017
04022018
04022019
04022020
04022021
04022037
04022038
04022039
04022040
04022041
04023001
04023002
04023003
04023004
04023005
04023006
04023007
04023008
04023009
04023010
04023011
04023012
04023013
04023014
04023015
04023016
04023017
04023018
04023019
04023020
04023021
04023022
04023023
04023024
04023027
04023028
04023029
04023030
05003001
05003002
05003003
05003004
05003005
05003006
05003007
05003008
05003009
05003010
05003011
05003012
05003013
05003014
05003015
05003016
05003017
05003018
05003019
05003020
05003021
05003022
05003029
05006001
05006002
05006003
05006005
05006006
05006007
05006008
05006009
05006010
05006011
05006012
05006013
05006014
05006016
05006017
05006018
05006019
05006020
05006021
05006022
05006023
05006024
05006025
05031001
05031002
05031003
05031004
05031005
05031006
05031009
05031010
05031011
05031012
05031013
05031014
05031015
05031016
05031017
05031018
05031019
05031020
05031021
05031022
05031023
05031024
05031025
05031026
05031027
05031028
05031029
05031030
05033001
05033002
05033003
05033004
05033005
05033006
05033007
05033008
05033009
05033010
05033011
05033012
05033013
05033014
05033015
05033016
05033017
05033018
05033019
05033020
05033021
05033022
05033023
05033024
05033025
05033026
05033027
05033028
05034009
05034010
05034011
05034012
06001007
06001008
06001009
06001010
06001011
06001012
06001013
06001014
06001015
06001016
06001017
06001018
06003001
06003002
06003003
06003004
06006021
06006022
06006023
06006024
06006025
06006026
06006027
06010015
06010016
06010017
06010018
06010019
06010020
06010021
06010022
06010023
06010024
06010025
06010026
06010027
06010028
06010029
06010030
06010031
06010032
06010033
06010034
06010035
06010036
06010037
06010038
06010039
06010040
06010041
06010042
06010043
06013001
06013002
06013003
06013004
06013005
06013006
06013007
06013009
06013010
06013011
06013012
06013013
06013014
06013015
06013016
06013017
06013018
06013019
06013020
06013021
06013022
06013023
06013024
06013025
06013026
06013027
06013028
06013029
06013030
06013031
06013032
06013033
06024001
06024002
06024003
06024004
06024005
06024006
06024007
06024008
06024009
06024010
06024011
06024012
06024013
06024014
06024015
06024016
06024017
06024018
06024019
06024020
06024021
06024022
06024023
06024024
06024025
06024026
06024027
06024028
06024032
06024033
07002001
07002002
07002003
07002004
07002005
07002006
07002020
07002021
07002022
07002023
07006017
07006018
07006019
07006020
07006021
07006022
07006023
07006024
07006032
07006033
07006034
07006035
07007009
07007010
07007011
07007012
07007013
07007014
07007023
07007024
07007025
07008001
07008002
07008003
07008004
07008005
07008006
07008007
07008008
07008009
07008010
07008011
07008012
07008013
07008014
07008015
07008016
07008017
07008018
07008019
07008020
07008021
07008024
07008025
07008026
07008027
07008028
07008029
07008030
07008031
07008032
07008033
07008034
07008035
07015016
07015017
07016001
07016002
07016003
08002021
08002022
08002023
08004001
08004002
08004003
08004004
08004005
08004006
08004007
08004008
08004009
08004010
08004011
08004012
08004018
08004019
08004020
08004021
08004022
09001019
09002001
09002002
09002003
09002004
09002005
09002006
09002007
09002008
09002009
09002010
09002011
09002018
09002019
09002020
09002021
09002027
09002028
09002029
09002030
09002031
09002032
09002033
09002034
09002035
09002036
09003001
09003019
09003020
09003021
09004005
09004006
09004007
09004008
09004009
09004019
09004020
09004021
09004022
09005005
09005006
09005007
09005008
09005009
09005010
09005011
09005012
09006001
09006002
09006003
09006004
09006005
09006013
09006014
09006015
09006016
09006017
09006018
09006019
09006020
09006021
09007001
09008008
09008009
09008010
09008011
09008012
09008013
09008014
09008015
09008016
09008017
09008018
09008019
09008020
09008021
09008022
09009021
09009022
09009023
09009024
09009025
09010010
09010011
09010012
09010013
09010014
09010015
09010016
09010025
09010026
09010027
09011008
09011009
09011010
09011012
09011013
09011014
09011015
09015024
09015025
09015026
09015027
09015028
09015029
09015030
09015031
09015032
09015033
09015034
09015035
09017027
09017028
09017029
09017030
09017053
09017054
09017055
09017056
09017057
09017058
09018017
09018018
09018019
09018020
09018021
09018022
09018023
09018024
09018025
09018026
09018027
09018028
09018029
09018030
09019013
09019014
09019015
09019016
09019017
09019018
09019019
09019020
09019021
09019022
09019023
09019024
09021007
09022003
09022004
09022005
09022006
09022007
09022008
09022010
09022011
09022012
09022013
09022014
09022015
09022016
09022017
09022018
09022019
09022020
09022021
09022022
09022023
09023001
09023002
09023003
09023004
09023005
09023006
09023007
09023008
09023009
09023010
09023011
09023012
09023013
09023014
09023015
09023016
09023017
09023018
09023019
09023020
09023021
09023022
09023023
09023024
09031006
09031007
09031008
09031009
09031010
09031011
09031012
09031013
10001013
10001014
10001015
10001016
10001017
10001018
10001019
10001020
10001021
10001022
10001023
10001024
10001025
10001026
10001027
10002005
10002006
10002007
10002011
10002012
10002013
10002014
10002015
10002016
10002017
10002018
10002019
10002020
10002021
10002022
10002023
10002024
10002025
10002026
10002027
10002028
10002029
10002030
10002031
10002032
10004001
10004002
10004003
10004004
10004005
10004006
10005001
10005002
10005005
10005011
10005012
10005013
10005014
10005015
10005016
10005017
10005018
10005019
10005020
10005021
10005022
10005023
10005024
10005025
10006008
10006018
10006019
10006020
10006021
10006022
10006023
10007018
10007019
10007020
10007021
10007022
10007023
10007024
10007025
10007026
10007027
10007028
10007029
10008016
10008017
10008018
10011006
10011007
10011008
10011009
10011010
10011011
10011012
10011013
10012019
10012020
10012021
10012022
10012023
10012026
10012027
10012028
10012029
10012030
10012031
11002005
11002006
11002007
11002008
11002009
11002013
11002014
11002015
11002016
11002017
11002018
11002019
11002020
11002021
11002022
11002023
11002024
11002025
11002026
11002027
11002028
11002029
11002030
11002031
11002032
11002033
11002034
11002035
11002036
11002037
11002038
11002039
11002040
11002041
11002042
11002043
11002044
11002045
11002046
11003001
11003002
11005006
11005012
11005013
11005014
11005015
11005016
11005017
11005018
11006038
11008005
11008006
11008007
11008008
11008009
11008010
11008011
11008012
11008013
11008014
11008015
11008016
11008017
11008018
11008019
11008020
11008021
11008031
11008032
11008033
11008034
11008035
11008036
11008037
11008038
11008039
11008040
11008041
11008042
11008043
11008044
11008045
11008046
11008047
11008048
11008049
11008050
11008051
11008052
11008053
11008054
11008055
11008056
11008057
11008058
11008059
11008060
11008061
11008063
11008064
11008065
11008066
11010004
11010005
11010006
11010007
11010008
11010009
11010010
11010011
11010012
11010013
11011014
11011015
11011016
11011017
11011018
11011019
11011020
11011021
11011022
11011023
11011024
11011025
11011026
11011027
11011028
11011029
11011030
11011031
11011032
11011033
11011034
11011035
11011036
11011037
11011038
11011039
11011040
11011041
11011042
11012021
11012022
11012023
11012024
11012025
11012031
11012032
11012033
11014012
11014013
11014014
11014015
11014016
11014017
11014018
11014019
11014020
11014021
11014022
11014023
11014024
11014025
11014026
11014027
11014028
11014029
11014030
11014031
11016034
11021025
11021026
11021027
11021028
11021029
11022041
11022042
11022043
11022044
11022045
11022046
11022047
11022048
11022049
11022050
11022051
11022052
11022053
11022054
12002016
12002017
12002018
12002019
12002020
12002021
12002022
12002023
12002024
12002025
12004004
12004031
12004038
12004039
12004040
12004041
12004042
12004043
12004044
12015001
12015002
12015003
12015004
12015005
12015006
12015007
12015008
12015009
12015010
12015011
12015012
12015013
12015014
12015017
12015018
12015019
12015020
12015021
12015022
12015023
12015024
12015025
12015026
12015027
12015028
12015029
12015030
12015031
12015032
12015033
12015034
12015035
12015036
12015037
12015038
12017024
12017025
12017026
12017027
12017028
12017029
12017030
12017031
12017032
12017033
12017034
12017035
12017036
12017037
12017038
12017039
12017040
12017041
12018009
12018010
12018011
12018012
12018013
12018014
12018015
12018016
12018017
12018019
12018020
12018021
12018022
12018023
12018024
12018025
12018026
12018027
12018028
12018029
12018030
12018031
12018032
12018033
12018034
12018035
12018036
12018037
12019001
12019002
12019003
12019004
12019005
12019006
12019007
12019008
12019009
12019010
12019011
12019012
12019013
12019014
12019015
12019016
12019017
12019018
12019019
12019020
12019021
12019022
12019023
12019024
12019025
12019026
12019027
12019028
12019029
12019030
12019031
12019032
12019033
12019034
12019037
12020008
12020009
12020010
12020011
15001004
15001006
15001007
15001008
15001009
15001010
15001011
15004006
15004007
15004008
15004009
15004010
15004011
15004012
15004013
15004014
15004015
15004016
15004017
15004018
15004019
15004020
15004021
15004022
15004023
15004024
15007008
15007009
15007010
15007011
15007012
15007013
15007014
15007015
15007016
15007017
15007018
15007019
15007020
15007021
15007022
15007023
15007024
15007025
15007026
15007027
15007028
15009002
15009003
15009004
15009005
15009006
15009007
15009008
15009009
15009010
15009011
15009012
15009013
15009014
15009015
16001002
16001003
16001004
16001005
16001006
16001007
16001008
16001009
16001010
16001011
16002001
16002002
16002003
16002004
16002005
16002006
16002007
16002008
16002009
16002010
16002012
16002013
16002014
16002015
16002016
16002017
16002018
16002019
16002020
16008002
16008003
16008004
16008005
16008006
16008007
16008008
16008009
16008010
16008011
16008012
16008013
16008014
16008015
16008016
16008017
16008018
18019001
18019002
18019003
18019004
18019005
18019006
18019007
18019008
18019009
18019010
18019011
18019012
18019013
18019014
18019015
18019016
18019017
18019018
18019019
18019020
18019021
18019022
18019023
18019024
18019028
18019029
23001001
23001004
23001005
23001006
23001007
23001008
23001009
23001010
23001011
23001012
23001013
23001014
23001020
23001021
23001022
23001023
23001024
23001025
23001026
23001027
23001028
23001029
23001030
23001031
23003001
23003002
23003003
23003004
23003005
23003006
23003007
23003008
23003009
23003010
23003011
23003012
23003013
23003014
23003015
23003023
23003024
23003025
23003026
23005001
23005002
23005003
23005004
23005005
23005006
23005007
23005009
23005010
23005015
23005016
23005017
23005018
23005019
23005020
23005021
23005022
23005024
23005025
23005026
23005027
23005028
23005029
23005030
23006011
23006012
23006013
23009001
23009007
23009008
23009009
23009010
23009011
23009012
23009013
23009014
23009015
23009016
23009017
23009018
23009019
23009020
23009021
23053001
23053002
23053003
23053007
23053008
23053009
23053010
23053011
23053012
24025001
24025002
24025003
24025004
24025005
24025006
24025007
24025012
24025013
24025014
24025015
24025016
24025017
24025018
24025019
24025020
24025021
24025022
24025023
24025024
24025025
24025026
24025027
24025028
24025029
24025030
24025031
24025032
24025033
24025034
24025035
24025036
24025037
24025038
27002020
27002021
27002022
27002023
27002024
27002049
27005009
27006028
39003002
39003003
39003004
39003005
39003006
39003007
39003008
39003009
39003010
39003011
39003012
39003013
39003014
39003015
39003016
39003017
39003018
52001002
52001003
52001004
