02020023
02020024
02020025
02020026
05005030
05005031
05005032
05005033
06021044
06021045
10018033
11004021
11004022
11004023
11004024
11004025
11004026
11004027
11004028
11004029
11004030
11004031
11004032
11004033
11004034
12012001
13006067
13006068
13006069
13006070
13006071
13006072
13006073
13006074
13006075
13006076
13006077
13006078
13006079
13006080
13006081
14002018
14014015
18042006
18042007
18042008
18042009
18042010
18042011
18042012
18042013
18042014
18042015
18042016
18042017
22006013
29002028
29002029
29002030
29002031
29002032
29003006
29003007
29003008
29003009
29003010
29003011
29003012
29003013
29003014
29003015
29003016
29003017
29003018
29003019
29003020
29003021
