06015022
06015023
06015024
06015025
06015026
06015027
06015028
06015029
06015030
06015031
06015032
06015034
06015035
06015036
06015037
06015038
06015039
06015040
06015041
06015042
06015043
06015044
06015045
06015046
06015047
06015049
06015050
06015051
06015052
06015053
06015054
06015055
06015056
06015057
06015058
06015059
06015060
06015062
06018022
06018023
06018024
06018026
06018027
06018028
06019003
06019004
06019005
06019006
06019007
06019008
06019011
06019012
06019013
06019014
06019015
06019019
06019020
06019021
06019022
06019026
06019027
06019028
06019029
06019030
06019033
06019034
06019035
06019036
06019037
06019038
06019042
06019043
06019044
06019045
06019046
06021011
06021012
06021013
06021014
06021015
06021016
06021017
06021018
06021021
06021022
06021023
06021024
06021025
06021029
06021031
06021035
06021037
06021039
13025005
15001002
15001003
15001004
15004009
15004010
15004012
15004013
15004014
15004015
15004016
15004018
15004019
15004020
15004021
15004022
15005008
15005009
15005010
15005011
15005012
15005013
15005014
15005015
15005016
15005017
15006003
15006004
15006005
15006007
15006008
15006009
15006010
15006011
15006012
15007012
15007013
15007014
15007015
15007016
15007017
15007018
15007019
15007020
15007021
15007022
15007023
15007024
15007025
15007026
15010019
15010032
15010035
15010036
15010037
15010039
15010040
15010041
15010042
16006007
27005025
27005026
27005027
27005028
