40001002
40001003
40001004
40001005
40001006
40001007
40001008
40001009
40001010
40001011
40001012
40001013
40001014
40001015
40001016
40009020
40009021
40010003
40010004
40013055
40013056
40027009
40027010
41005007
41005008
42001026
42001027
42008028
42008029
42008031
42008032
42009030
42009031
42023050
42023051
42024047
42024048
43001032
43001033
43004007
43004008
43010014
43010015
43010017
43010018
43018001
43018002
43019019
43019020
44001016
44001017
44001021
44001022
44001024
44001025
44008001
44008002
44008003
44008027
44008028
44009023
44009024
44013027
44013028
44013032
44013033
44013038
44013039
44015024
44015025
44015026
44015027
44015028
44015029
44019009
44019010
44023012
44023013
44023027
44023028
44023029
44023030
44024006
44024008
44028010
44028011
45008038
45008039
45009011
45009012
45015023
45015024
46005012
46005013
46006009
46006010
47008010
47008011
47010004
47010005
49001015
49001016
49002004
49002005
53002016
53002017
58006004
58006005
58006006
58009016
58009017
58011017
58011018
58013020
58013021
61001017
61001018
61002007
61002008
62003019
62003020
66007005
66007006
66007007
66007008
66014004
66014005
66016013
66016014
66020004
66020005
