40002010
40010022
40014004
41001044
41006036
41006050
41007026
41013013
41014064
41015043
42001055
42001079
42008029
42008052
42008053
42023045
42023051
43004006
43004008
43007023
43010002
43010015
43011002
43018005
44001022
44005006
44017015
44028011
45002029
45008006
45009011
46005005
46005013
47001014
47005019
47008014
47012003
49002016
49005012
52003002
54003015
58006005
58007014
58007021
58007024
58010006
58011018
58013021
60003020
61001018
61002008
62001002
62002006
65001025
66016016
66020003
66020013
66020015
66021013
