40001002
40001003
40001004
40001005
40001006
40001007
40001008
40001009
40001010
40001011
40001012
40001013
40001014
40001015
40001016
40004012
40004013
40005015
40005016
40006007
40006008
40006014
40006015
40006031
40006032
40008005
40008006
40008008
40008009
40011011
40011012
40011013
40011014
40011015
40011018
40011019
40011029
40011030
40012031
40012032
40012039
40012040
40012043
40012044
40012045
40012046
40012047
40013002
40013003
40013012
40013013
40013014
40013016
40013017
40013018
40013019
40013020
40013021
40013022
40013023
40013031
40013032
40013034
40013035
40013047
40013048
40013053
40013054
40015005
40015006
40015013
40015014
40015037
40015038
40016002
40016003
40017022
40017023
40017026
40017027
40019005
40019006
40020011
40020012
40020032
40020033
40022034
40022035
40022038
40022039
40022045
40023013
40023029
40023030
40024037
40024038
40025002
40025003
40025004
40025005
40025006
40025007
40025008
40025024
40025025
40026008
40026009
40026020
40026021
40026032
40026060
40026061
40026065
40026066
40027041
40027042
40027043
40028012
40028013
41001004
41001012
41001013
41001029
41001030
41001032
41001033
41001036
41001037
41001043
41001044
41002010
41002011
41002025
41002026
41003007
41003008
41003014
41003015
41003016
41003017
41003018
41003019
41003031
41003032
41004005
41004006
41004011
41004012
41004031
41004032
41005003
41005004
41005007
41005008
41005041
41005042
41006002
41006003
41006008
41006009
41006017
41006018
41006022
41006023
41006035
41006036
41006039
41006040
41006043
41006044
41007006
41007007
41007008
41007009
41007010
41007011
41007012
41007013
41007015
41008008
41008009
41009012
41009013
41009030
41009031
41009043
41009045
41010006
41010007
41011004
41011005
41011022
41011023
41011027
41011028
41012020
41012021
41012022
41012037
41012043
41012044
41013003
41013004
41013015
41013016
41013035
41013036
41013037
41014004
41014005
41014051
41014052
41014063
41014064
41014066
41014067
41015003
41015004
41015016
41015017
41015029
41015030
41015042
41015043
41016010
41016011
42001008
42001009
42001011
42001012
42001039
42001040
42001072
42001073
42002029
42002030
42002031
42002034
42002035
42002036
42002037
42002041
42002042
42002046
42002047
42003019
42003020
42003024
42003025
42003026
42003027
42003028
42003029
42003030
42003031
42003032
42003033
42003034
42003035
42003036
42003037
42003038
42004006
42004007
42004009
42004010
42004011
42004018
42004019
42004025
42004026
42005009
42005010
42005018
42005019
42005023
42005024
42006014
42006015
42006016
42006017
42006018
42006047
42006048
42007006
42007007
42007008
42007020
42007021
42007022
42007033
42007034
42007035
42008043
42008044
42010008
42010009
42011005
42011006
42011029
42011030
42011037
42011038
42011053
42011054
42012035
42012036
42012042
42012043
42012044
42013020
42013021
42013024
42013025
42015003
42015004
42016005
42016006
42017002
42017003
42017007
42017008
42017009
42017035
42018004
42018005
42018016
42018017
42018029
42018030
42019009
42019010
42019036
42019037
42020018
42020034
42020035
42020037
42020038
42020042
42020043
42020044
42021034
42021035
42021037
42021038
42022014
42022015
42022041
42022042
42022063
42022064
42022067
42022068
42023018
42023031
42023032
42023033
42023050
42023051
42023052
42024006
42024007
42024014
42024015
42024017
42024018
42024022
42024023
42024028
42024029
42024033
42024034
43001006
43001007
43001011
43001012
43001024
43001025
43001026
43001027
43001035
43001036
43002007
43002008
43002024
43002025
43003010
43003011
43003023
43003024
43003033
43003034
43004005
43004006
43004017
43004018
43004019
43004020
43004021
43004022
43004023
43004024
43004028
43004029
43004043
43004044
43004046
43004047
43005009
43005010
43005020
43005021
43005026
43005027
43005028
43005029
43005032
43005033
43005041
43005042
43006002
43006003
43006004
43006005
43006008
43006009
43006018
43006019
43006022
43006023
43006030
43006031
43006048
43006049
43006050
43006051
43007021
43007022
43007023
43007041
43007042
43008030
43008031
43009022
43009023
43010008
43010009
43010022
43010023
43010034
43010035
43010036
43010039
43010040
43011005
43011006
43011012
43011013
43011021
43011022
43011025
43011026
43011037
43011038
43012023
43012024
43012041
43012042
43012043
43012044
43012045
43014002
43014003
43014012
43014013
43014015
43014016
43016017
43016018
43016026
43016027
43018004
43018005
43019002
43019003
43019023
43019024
43019036
43019037
43020003
43020004
43020019
43020020
43020030
43020031
44001021
44001022
44001023
44001024
44001025
44001026
44002046
44002047
44003007
44003008
44003009
44003010
44003021
44003022
44004012
44004025
44004026
44004027
44004028
44004029
44004030
44004034
44004035
44005005
44005006
44005026
44005027
44007017
44007018
44007048
44007049
44008009
44008010
44008011
44009008
44009009
44010005
44010006
44010009
44010010
44010036
44010037
44010040
44010041
44010046
44010047
44012004
44012005
44013006
44013007
44013019
44013020
44013032
44013033
44014005
44014006
44015026
44015027
44015028
44015029
44015040
44015041
44016020
44016021
44017008
44017009
44018025
44018026
44019018
44019019
44020010
44020011
44020012
44021010
44021011
44021037
44021038
44022017
44022018
44023012
44023013
44023023
44023024
44025010
44025011
44027007
44027008
44027037
44027038
44028028
45001006
45001007
45001011
45001012
45002012
45002013
45002014
45002015
45003010
45003011
45003014
45003015
45003023
45003024
45004004
45004005
45006002
45006003
45008020
45008021
45008037
45008038
45008039
45009002
45009003
45009010
45009011
45009012
45009013
45009016
45009023
45009024
45009026
45009027
45009029
45010019
45010020
45010021
45011002
45011003
45011009
45012021
45013012
45013013
45014012
45014013
45015010
45015011
45015012
45015015
45015016
45015022
45016003
45016004
45016005
45016006
45016007
45016008
45016009
45016010
45016011
45016012
45016013
45016014
45016015
45016016
45016025
45016026
45016027
46002010
46002011
46005003
46005004
46006009
46006010
46007020
46007021
46010003
46010004
46011014
46011015
46014029
46014030
46015033
46015034
46015055
46015056
46015057
47001003
47001004
47001006
47001007
47001013
47001014
47001015
47001016
47002005
47002006
47005013
47005014
47006017
47006018
47009010
47011008
47011009
47011011
47011012
47011019
47011020
47012002
47012003
48002007
48002008
48002009
48003008
48003009
48003021
48003022
48004024
48004025
49001016
49001017
49003002
49003003
49003014
49003015
49003018
49003019
49004009
49004010
49004015
49004016
49005015
49005016
49005029
49005030
49006006
49006007
50001016
50001017
51001026
51001027
52003002
52003003
52004003
52004004
53002009
53002010
54001003
54001004
54001010
54001011
54002009
54002010
54004009
54004010
55002024
55002025
57001008
57001009
58001005
58001006
58001007
58001008
58001010
58001013
58001014
58002002
58002003
58002013
58003007
58003008
58004008
58004009
58004010
58004011
58005002
58005003
58005006
58006004
58006005
58007012
58007013
58007014
58007022
58010008
58010009
58010017
58010039
58011024
58011025
58011037
58011038
58013006
58013020
58013021
59001007
59001008
59001010
59001011
60002002
60002003
60002007
60002008
60005006
61001013
61001014
61001017
61001018
61001020
61001021
61002007
61002008
61003003
61003004
61003005
61003006
61003015
61003016
62005006
62005007
62005008
65001024
65001025
66001017
66001018
66002024
66002025
66004009
66004010
66005011
66005012
66007004
66007005
66007006
66007007
66007008
66007011
66008008
66008009
66009017
66009018
66011008
66011009
66011016
66011017
66016007
66016016
66017006
66019009
66021018
66021019
