40004011
40011011
40011012
40011013
40011014
40011015
40011018
40011019
40013014
40013016
40013017
40022038
40022039
40022040
40022045
40022046
40026032
41005003
41005004
41007008
41007011
41007012
41007013
41012031
41012037
41014028
41015042
41015043
42001054
42001055
42002024
42004013
42007028
42007033
42007034
42007035
42020018
42020044
42023031
42023050
42023051
43012041
43013019
43013020
43015021
43017002
43017003
43017004
43017005
43017006
43017007
43017008
43017009
43017010
43017011
43017012
43017013
43017014
43017015
43017016
43017017
43017018
43017019
43017020
43017021
43017022
43017023
43017024
43017025
43017026
43019037
44001021
44001022
44003026
44008027
44008028
44013034
44013035
44015024
44015025
44015026
44015027
44015028
44015029
44023026
44023027
44023028
44023029
44023030
45004009
45004010
45004011
45004012
45004019
45004020
45004021
45004022
45004023
45004024
45004025
45007008
45007009
45007010
45007011
45009016
45009017
45009018
45009026
45010006
45010008
45010009
45010010
45010011
45010012
45010013
45010017
45010019
45010020
45011028
45011029
45011030
45011031
45011032
45011034
45012020
45012021
45013010
45014012
45015010
45015011
45015012
45015013
45016003
45016004
45016005
45016006
45016007
45016008
45016009
45016010
45016011
45016012
45016013
45016014
45016015
45016016
46001020
46003020
46005012
46005013
46009010
46009011
46009012
46010008
46010009
46010010
46015028
46015033
46015034
47001013
47001014
47004014
47004015
47006017
47009010
47009011
47009012
47009013
47009014
47009015
47010018
48004031
48005015
49004009
49004010
49004011
49004012
49004013
49005032
49005033
54005019
54005020
58001006
58001007
58001008
58001010
58001013
58001014
58002009
58002010
58002013
58004004
58004005
58005006
58006015
58006016
58006017
58006018
58006019
58006020
58007018
58007019
58007022
58008006
58009021
58009022
58010017
58010018
58010031
58010039
58011019
58012007
58012008
58012009
58012010
58012011
58012027
58013006
58013020
58013021
59002009
59004006
60002004
60002005
60002006
60002007
60002008
60002023
60002024
60002025
61001018
62001001
62001002
65001024
65001025
66001004
66001005
66002002
66002003
66002004
66002005
66002006
66002007
66002008
66002009
66002010
66002011
66002012
66002013
66002014
66002015
66002016
66002017
66002018
66002019
66002020
66002021
66002022
66002023
66002024
66002025
66002026
66002027
66002028
66002029
66003002
66003003
66003004
66003005
66003006
66003007
66003008
66003009
66003010
66003011
66003012
66003013
66003014
66003015
66003016
66003017
66003018
66003019
66003020
66003021
66003022
66004009
66004010
66005013
66005014
66007005
66007006
66007007
66007008
66007011
66007012
66011016
66011017
66016007
66017006
66017007
66017008
66018004
66018009
66018010
