01008007
01017004
01023002
01024044
01025020
01032017
01033006
01033011
01036007
01036040
01037030
01039018
01040022
01042021
01050020
02003022
02005023
02016029
02018011
02018018
02028019
02033013
02034013
03014057
04002034
04008026
04014029
04016048
04022004
04022018
04026029
04031036
04032023
04032027
04033045
05008009
05012032
05013012
05020009
05024013
05032038
06021045
07014020
08002012
08003005
08004022
09002013
09002014
09013002
09013018
09014008
10020026
11002009
12010027
12013025
16004008
16009017
18006021
18010021
18020014
18031039
20005004
20031022
23014014
23021017
23037031
23038022
23065012
24016002
24023039
24025037
24035002
24035003
24035004
24035005
24035010
24036018
24052034
26012022
26018015
26018016
26018017
26021002
27001019
35003018
40010014
40023039
44007017
58005014
