01001018	
01024030	
01024038	
01025010	
01041046	
01046007	
02001021	
02019002	
02023005	
02025019	
02025028	
02025034	
02026005	
02026019	
02026020	
02026021	
02026027	
02027005	
02027010	
02027011	
02027015	
02027018	
02028034	
02036024	
02036025	
02036026	
02036032	
02037008	
02037015	
02037020	
02038006	
02038007	
02038010	
02038011	
02038015	
02039025	
02039026	
03006003	
03014052	
03014057	
03022016	
05012024	
06022008	
07003002	
09006015	
09009010	
09014026	
09018027	
09023007	
09023008	
09030007	
10001016	
10006004	
10007007	
10009005	
11015007	
11015033	
19049007	
19049010	
19058006	
19066014	
19076010	
19105019	
19116010	
19132003	
19132004	
19132005	
22001017	
23003020	
23003021	
23003022	
23003026	
23007019	
23009009	
23043017	
23063013	
27002014	
27002042	
40020005	
41008009	
41009045	
42002031	
42002032	
42009056	
42011051	
42023045	
43004008	
43010015	
43013016	
44010041	
45002029	
47001014	
47011033	
48001002	
58011018	
66007006	
66007007	
66007008	
66013004	
66013014	
66020008	
66020009	
