41001043
41001044
41005007
41005008
41010029
41010030
41016002
41016003
43003023
43003024
43004007
43004008
43006003
43006004
43010014
43010015
44001002
44001003
44008001
44008002
44011023
44011024
44013028
44013029
44013032
44013033
44013038
44013039
44013042
44013043
44020037
44020038
45001003
45001004
45009011
45009012
46006009
46006010
46010028
46010029
46013009
46013010
46015015
46015016
46015021
46015022
46015051
46015052
47001013
47001014
47012003
47012004
48001001
48001002
49006021
49006022
50001015
50001016
50004002
50004003
51003023
51003024
54002009
54002010
54003014
54003015
58006001
58006002
58006003
58006019
58006020
58013020
58013021
60003013
60003014
66002026
66002027
66002028
66007005
66007006
66007007
66007008
66014009
66014010
66015005
66015006
66016010
66016011
66020002
66020003
66020007
66020008
66021019
66021020
