41009001
42006022
42020018
43016001
43016002
43016003
43016004
43019001
43019002
43019003
43019004
44008001
44022001
44022002
44022003
44022004
44022005
44023001
44023002
44023003
44023004
44023005
44023006
44023007
44023008
44023009
44023010
45010001
45010002
45010003
45010004
46011001
47002001
47002002
47002003
47002004
47005001
47005002
47005003
47005004
47005005
47006001
47006002
47006017
47007001
48004001
48004002
48004003
48004004
48004005
48004006
48004007
50004001
51002001
51002002
51002003
51003001
51003002
51003003
51003004
51004001
52003001
52003002
52003003
52003004
52003005
52005001
52005002
52005003
52005004
52005005
52005006
52005007
52005008
52005009
52005010
52005011
54006001
54006002
55004001
55004002
55004003
55004004
55004005
58004001
58004002
58004003
58005001
58005002
58005003
58005004
58006001
58006002
58006003
58010001
58010002
58010003
58010004
66009001
66009002
66009003
66009004
66009005
66009006
66009007
66009008
66009009
66009010
66009011
