40001023
40002006
40002018
40004015
40004016
40006010
40006011
40006012
40006013
40012018
40012019
40012020
40012021
40015008
40015009
40021005
40022044
40022045
41001003
41007007
41007008
41007009
41007010
41007011
41007012
41007013
41007021
41007022
41012011
41012037
42001047
42001048
42001049
42001050
42001051
42001052
42001053
42001054
42001055
42001068
42001069
42001070
42001071
42001072
42001073
42001074
42001075
42001076
42001077
42001078
42001079
42002029
42002030
42002031
42002032
42003005
42003006
42004011
42004018
42004019
42006021
42006024
42006025
42011003
42011004
42020018
42020043
42020044
42023050
42023051
43010014
43010015
43012015
43012040
43012041
44002018
44002019
44002020
44002021
44002026
44002027
44002028
44002035
44004012
44004026
44004027
44004028
44004029
44004030
44005001
44005002
44007049
44007050
44008033
44013034
44013035
44013036
44013037
44013038
44013039
44013040
44013041
44015016
44015017
44015018
44015024
44015025
44015026
44015027
44015028
44015029
44017029
44017030
44017031
44023026
44023027
44023028
44023029
44023030
44028026
44028027
45001003
45001004
45003011
45003012
45003013
45003014
45003015
45003016
45003017
45003018
45003025
45003026
45004007
45004008
45008037
45008038
45008039
45009011
45009012
45009026
45009027
45009028
45009029
45010019
45010020
45010021
45011010
45011027
45011035
45011036
45014012
45015010
45015011
45015012
46001020
46002010
46002011
46002012
46002013
46003020
46003021
46003022
46003023
46005003
46005004
46005012
46005013
46015051
46015052
46015055
46015056
46015057
46016015
46016016
47001013
47001014
47006018
47009010
47009011
47009012
47009013
47009014
47009015
47012003
47012004
49004009
49004010
49004011
49004012
49004013
49004014
49004015
49004016
50002006
50002007
50002008
50002009
50002010
50002011
55002008
55002009
55002010
55002011
55002012
55002013
56002006
56002007
58001006
58001007
58001008
58001009
58001010
58001011
58001012
58001013
58001014
58002007
58002008
58002013
58003008
58003009
58003010
58003011
58003016
58003017
58003018
58003019
58004004
58004005
58004006
58004007
58005006
58006004
58006005
58006006
58007009
58007010
58007013
58007014
58007022
58008009
58008010
58008011
58008012
58008013
58010006
58010007
58010008
58010009
58010010
58010016
58010017
58010018
58010038
58010039
58012006
58012007
58012008
58012009
58012010
58012011
58013020
58013021
60001025
60002007
60002008
60003011
60003012
60004019
66002027
66002028
66004011
66005010
66007005
66007006
66007007
66007008
66015004
