01008016	
01010017	
01024027	
01025015	
01026007	
01026024	
02006011	
02014002	
02016012	
02025002	
02028014	
02030012	
02030018	
02030023	
02031002	
02031013	
02039016	
02040002	
03004002	
03005015	
03006002	
03006009	
03006020	
03006025	
03007023	
03007029	
03008002	
03010009	
03010020	
03011016	
03012002	
03014002	
03017002	
03018002	
03019002	
03020002	
03021014	
03021017	
03022002	
03022018	
03022027	
03023002	
03023010	
03023024	
03023027	
03023034	
03024002	
03024014	
03027002	
04003006	
04003012	
04003045	
04004022	
04005002	
04005006	
04005012	
04006002	
04006023	
04007005	
04008002	
04008006	
04008024	
04009010	
04010002	
04013002	
04015002	
04015018	
04015038	
04016005	
04016024	
04016037	
04016045	
04017002	
04018026	
04020008	
04025011	
04025017	
04026009	
04026053	
04027007	
04027016	
04028002	
04031002	
04031026	
04031034	
04031045	
04032036	
04034002	
04034017	
04035010	
05002003	
05015002	
05018014	
05018022	
05034012	
06004016	
06012015	
06018026	
06019037	
06020002	
07009023	
10017026	
11006012	
11017003	
11017009	
12009037	
13001002	
13001025	
13001027	
13008022	
14009031	
14011007	
14011010	
15002049	
15002052	
15010038	
15010041	
16007051	
16007055	
16010006	
16010017	
16010021	
16010025	
16011034	
16012005	
17004016	
18003003	
18006002	
18008002	
18009002	
18011002	
18012002	
18016002	
18017016	
18019002	
18020002	
18021002	
18023002	
18026002	
18027002	
18029002	
18031040	
18033033	
18034002	
18035002	
18036002	
18038007	
18040001	
18040003	
18040005	
18042002	
19025002	
19029008	
19048014	
19048015	
19066007	
19071024	
19084012	
19084013	
19125005	
19130002	
19139002	
19148014	
20004027	
20024002	
21008017	
22001017	
23003022	
23007011	
23008006	
23038005	
23052015	
24001005	
24013009	
24016002	
24016021	
24018002	
24018006	
24024005	
24025022	
24028017	
24037007	
25003050	
26007002	
26011015	
26012002	
26012018	
26012022	
26012027	
26013002	
26014013	
26015002	
26016002	
26017002	
26017012	
26018002	
26020003	
26020046	
26021002	
26021009	
26021019	
26022002	
26022018	
26022024	
26023002	
26024016	
26025002	
26027002	
26028002	
26028012	
26028021	
26030002	
26033002	
26033024	
26034002	
26035002	
26036017	
26037016	
26038002	
27004029	
38004009	
38006010	
38007009	
40001025	
40002023	
40003017	
40007029	
40009038	
40022046	
40028019	
40028020	
41001018	
41016020	
42014005	
42015004	
42015012	
42017034	
42017035	
42017037	
42019002	
42023056	
43007003	
43009041	
43013038	
44001003	
44001022	
45009033	
46014033	
47003005	
47005021	
48004031	
49005008	
51003025	
52005020	
54004012	
55004005	
55004006	
55004007	
55004008	
55004009	
55004010	
55004011	
55004012	
55004013	
55004014	
55004015	
55004016	
55004017	
55004018	
55004019	
55004020	
55004021	
55004022	
58013002	
66009021	
66014019	
66014020	
	
