40013005
40013006
40014003
40014004
40021017
40024030
40024031
40026032
41004005
41004006
41005015
41005016
41005028
41005029
41006017
41006018
41006035
41006036
41006049
41006050
41006053
41006054
41007021
41007022
41007033
41007034
41008031
41008032
41010007
41010008
41011022
41011023
41011025
41013017
41013018
41013026
41013027
41014013
41014014
41014028
41015027
41015042
41015043
42001003
42001004
42001026
42001027
42001054
42001055
42001070
42001071
42001074
42001075
42002004
42002005
42002030
42002031
42004018
42004019
42009030
42009031
42014029
42014030
42015005
42015006
42019045
42019046
42020018
42020030
42020031
42020042
42020043
42023044
42023045
42023050
42023051
42024022
42024023
43010014
43010015
43012041
44001001
44001002
44001016
44001017
44001024
44001025
44002034
44002035
44004012
44004034
44004035
44004036
44004037
44008001
44008002
44008036
44008039
44008040
44009001
44009002
44010037
44010038
44013035
44013036
44013037
44015017
44015018
44017002
44017003
44019009
44019010
44021028
44021029
44026017
44026018
45008020
45008021
45009002
45009003
45009011
45009012
45009013
45011036
45012020
45014012
45015025
45015026
45016023
46002010
46002011
46002012
46002013
46002014
46002015
46002016
46015056
46015057
47001010
47001011
47001013
47001014
47006006
47006007
47009010
47010001
47010002
47012003
47012004
48001015
48001016
49004009
49004010
51001001
51001002
51002020
51002021
53001007
53001008
53002001
53002002
54001001
54001002
54001018
54001019
54002001
54002002
55001001
55001002
55003010
55003011
57001001
57001002
58001006
58001007
58001010
58001013
58001014
58002009
58002010
58002013
58004004
58004005
58004006
58004007
58004008
58004009
58004010
58004011
58005006
58006001
58006002
58006004
58006005
58006006
58006015
58007018
58007019
58007020
58007021
58007022
58010039
58011017
58011018
58012007
58012008
58012009
58012010
58012011
58012018
58012019
58013006
60002001
60002002
60002003
60003001
60003002
60005006
60005007
62003019
62003020
66001004
66001005
66017006
66018019
66019006
