40002006
40004015
40022045
41001043
41001044
41002025
41002026
41008008
41008009
41009036
41009037
41009043
41009045
41012018
41012019
41015042
41015043
42001073
42001074
42002004
42002005
42002036
42002037
42011050
42011051
42013010
42013011
42020018
42020027
42020028
43004043
43004044
43010014
43010015
44001021
44001022
44004012
44004027
44004028
44004029
44004030
44013033
44013034
44013038
44013039
44013041
44013042
44024006
45008037
45008038
45008039
45009011
45009012
45009027
45009028
45009029
45010019
45010021
45011027
45011028
45011029
45011030
45011031
45011032
45011035
45011036
45014012
45015010
45015011
45015012
45016020
46002010
46002011
46002012
46005004
46005005
47006003
47006004
47006005
47006006
47006007
47006008
47006009
47006010
47009010
47009011
47009012
47009013
47009014
47009015
49002008
49002009
49003014
49003015
50002006
50002007
50002008
50002009
50002010
50002011
50003010
50003011
55002012
55002013
56001012
56001013
56002004
56002005
56002012
56002013
58006001
58006002
58006003
58006004
58006005
58006006
58006007
58006008
58006009
58006010
58006011
58006012
58006013
58012007
58012008
58012009
58012010
58012011
58013020
58013021
60002007
60002008
60003012
66002026
66002027
66002028
66007005
66007006
66007007
66007008
