03024011
04001004
04001018
04001021
04001023
04001025
04001027
04001029
04001031
04001033
04001034
04001035
04001037
04001039
04001041
04001043
06010042
06022007
06022008
07001023
07013016
07017011
07020023
07020024
07020028
07021011
09004022
09020016
10006004
10013038
10019002
13001027
13004018
13005002
13005003
13006055
13006073
13006075
13006079
13006081
13024008
13024009
13024010
13024011
13024012
13024013
13024014
13024015
13024016
13024017
13024018
13024027
13024029
13025010
13025011
13025012
13025013
13025014
13025015
13025016
13025017
13025018
13025019
13025020
13025021
13025022
13025023
13025024
13025025
13025026
13025027
13025028
13025029
13025030
13025031
13029030
14006030
14034013
15004010
15004011
15007009
15008003
15010016
16007007
18003002
18019002
18021033
18040004
21004015
23007009
24034019
24051035
26001002
26001003
26009006
26040009
26041010
26041017
26048022
26048031
26048032
26048033
26048034
27005003
35003018
36002009
43013003
43013004
45009012
45009013
46005013
