40002009
40002010
40007018
40009021
40011005
40011006
40014004
40014005
40022026
41001002
41001044
41002020
41003017
41003018
41003019
41005008
41006003
41006018
41007021
41007022
41015043
42001055
42002045
42003002
42003019
42003020
42003021
42003022
42006023
42008028
42008029
42022064
42023051
43001020
43003030
43004002
43004003
43004007
43004008
43010015
43012040
43020009
44001003
44001022
44005006
44007015
44008002
44008028
44017003
44020016
44028015
45001002
45002002
45008039
45009012
46001002
46005011
46005013
46007011
46010029
46014025
47008014
48001002
48002007
48002012
49001012
49006007
50001023
51002021
51002022
52005017
52005018
53002017
54001002
54006014
55001002
56001002
56001003
56001004
57001002
58006005
58006006
58006020
58007014
58011018
61002007
61002008
62002006
66001005
66002027
66016016
