40001003
40001004
40001005
40001006
40001008
40001009
40001010
40001011
40001013
40001014
40001015
40001016
40007008
40007020
40010022
40025003
41001033
41003034
41004017
41005004
41005007
41005008
41005011
41005012
41006020
41013013
42001009
42001073
42002035
42003025
42003026
42003027
42003028
42003029
42003030
42003031
42003032
42003033
42003034
42003035
42003036
42003037
42003038
42007032
42008029
42008032
42008046
42008056
42011010
42021017
43004008
43004024
43011010
44013033
44020027
45009013
48002004
48002005
48002008
48002009
49004024
50002013
51003013
52003002
57001009
59001008
59002003
62005007
62005008
66007005
66007006
66007007
66007008
66020013
