43019001
43019002
43019003
43019004
43019005
43019006
43019007
43019008
43019009
43019010
43019011
43019012
43019013
43019014
43019015
43019016
44008001
44022002
44022003
44022004
44022005
44023001
44023002
44023003
44023004
44023005
44023006
44023007
44023008
44023009
44023010
44023011
45003001
45003002
45003003
45003004
45003005
45003006
45003007
45003008
45010001
45010002
45010003
45010004
46011001
46012012
46012013
46012014
46012015
46012016
46012017
46012018
46012019
46012020
46012021
46012022
46012023
46012024
46012025
46012026
46012027
46012028
46012029
46012030
46012031
47005001
47005002
47005003
47005004
47005005
47005006
47005007
47005008
47005009
47005010
47006001
47006002
47007001
48004001
48004002
48004003
48004004
48004005
48004006
48004007
48005001
51003001
51003002
51003003
51003004
51003005
51003006
51003007
51003008
51003009
51003010
51003011
51003012
51003013
51003014
51003015
51003016
51003017
52005001
52005002
52005003
52005004
52005005
52005006
52005007
52005008
52005009
52005010
52005011
55004001
55004002
55004003
55004004
55004005
55004006
55004007
55004008
58004001
58004002
58004003
58004004
58004005
58004006
58004007
58004008
58004009
58004010
58004011
58004012
58004013
58005001
58005002
58005003
58005004
58005005
58005006
58005007
58005008
58005009
58005010
58010001
58010002
58010003
58010004
58010005
58010006
58010007
58010008
58010009
58010010
58010011
58010012
58010013
58010014
58010015
58010016
58010017
58010018
66022001
66022002
66022003
66022004
66022005
