40002020	# mit 40002019 zusammen übersetzt.
40003003	# mit 40003002 zusammen übersetzt.
40003006	# mit 40003005 zusammen übersetzt.
40004006	# mit 40004005 zusammen übersetzt.
40004013	# mit 40004012 zusammen übersetzt.
40005002	# mit 40005001 zusammen übersetzt.
40006018	# mit 40006017 zusammen übersetzt.
40006032	# 40006031-40006033 wurden zusammen übersetzt.
40006033	
40008012	# mit 40008011 zusammen übersetzt.
40009024
40010006
40010028
40010036
40011005
40011013
40011017
40011021
40011022
40011026
40012004
40012007
40012008
40012017
40013006
40013013
40013015
40013041
40014004
40014005
40015002
40015006
40020012
40021032
40022002
40023030
40023031
40024016
40024050
40025003
40025004
40027010
40027017
40027019
40027034
40027056
40028010
41001002
41001008
41001013
41001037
41001044
41002002
41002009
41002026
41003008
41005012
41005026
41006009
41006036
41006050
41007004
41007005
41007012
41007019
41007036
41008009
41009018
41009022
41010009
41010012
41010015
41010030
41010034
41011016
41011030
41012011
41012022
41013036
41014007
41014008
41014052
41015010
41015030
41015043
42001002
42001004
42001009
42001025
42001055
42001071
42001074
42001079
42002030
42002032
42003002
42003020
42003022
42004002
42004007
42004015
42005009
42005010
42005038
42006015
42006023
42006048
42007007
42007008
42007032
42008005
42008018
42008029
42008032
42008033
42008039
42008042
42009031
42010014
42010019
42010024
42010042
42011006
42011012
42011020
42011048
42011051
42011054
42012005
42012030
42012031
42012038
42012046
42012050
42012051
42012058
42012059
42013009
42013013
42013030
42014002
42014014
42015012
42016028
42017008
42017012
42017013
42017018
42017021
42017023
42017029
42018002
42018030
42018041
42019021
42020004
42020031
42020035
42020043
42021019
42021030
42021038
42022002
42022008
42022011
42022018
42022029
42022044
42022068
42023011
42023037
42023051
42023052
42024007
42024043
43001025
43001033
43002002
43002010
43003012
43003013
43003015
43004040
43005029
43005042
43006009
43006017
43007003
43007018
43007026
43007049
43007051
43008041
43008044
43009014
43009033
43010013
43010015
43010023
43010036
43012008
43012013
43012014
43012015
43012016
43012017
43012018
43012019
43012037
43012048
43013024
43014019
43016006
43016032
43019036
43019037
43020023
43021021
44001021
44001025
44002035
44003010
44004010
44004035
44004037
44005020
44006014
44007012
44007019
44010020
44011005
44013031
44014015
44015014
44015016
44015017
44015018
44015029
44015041
44017003
44017034
44018010
44018021
44020005
44021036
44022007
44027034
45001010
45001014
45001020
45002013
45002015
45003006
45003017
45004007
45004008
45004019
45004020
45004021
45006003
45006018
45007025
45008021
45008036
45008037
45009002
45009011
45009012
45009028
45010017
45011002
45011010
45011027
45011035
45014020
45015006
45015019
45015024
46001005
46002005
46002013
46003022
46003023
46005004
46005005
46005013
46006017
46007026
46009003
46009027
46010004
46010008
46010012
46010022
46011012
46011013
46011014
46011015
46011018
46011021
46011024
46011027
46011034
46012002
46012020
46014025
46014040
46015002
46015034
46015057
46016007
46016009
47001014
47001024
47003008
47003013
47003016
47004006
47004017
47005003
47005007
47005019
47006004
47006013
47007016
47008014
47008020
47008021
47009010
47011006
47011008
47011009
47011015
47011032
47011033
47012004
47012006
47012017
47012018
47013002
48001012
48001014
48001016
48001017
48002002
48002020
48004002
48004005
48004011
48005025
48005026
48006005
49001008
49001016
49001019
49001023
49002002
49002015
49003002
49003003
49003010
49003015
49003016
49003019
49003021
49004005
49004015
49004018
49004021
49004023
49004024
49004027
49005007
49005009
49005012
49005013
49005026
49005030
49006003
49006022
50001004
50001005
50001016
50001017
50001029
50002002
50002021
50002030
50003008
50003019
50004022
51001014
51001029
51003010
51003024
51004008
51004011
52003003
52004004
52004005
52004006
52005017
52005018
52005022
53001006
53002014
53002017
54001002
54001007
54001011
54002002
54002010
54003011
54003012
54003013
54004005
54004010
54004011
54005024
54005025
54006014
55001004
55002012
55002013
55003017
55004012
55004015
55004017
56001013
57001013
58002008
58003004
58003005
58003006
58003011
58004008
58006002
58006003
58007019
58009028
58010006
58010016
58010017
58010020
58010021
58010033
58011015
58011019
58011040
58012006
58012008
58012020
58013011
59001008
59001024
59002004
59002016
60001002
60001015
60001019
60002005
60002014
60003002
60003004
60003020
60003022
60005002
61001014
61001018
61002021
61003004
61003012
62002006
62002011
62002016
62002023
62002029
62003012
62004005
62005008
66002025
66004010
66004011
66007006
66007007
66007008
66008002
66009006
66010006
66010007
66012005
66013004
66013010
66016015
66016016
66016019
66018012
66019008
66019018
66020006
66021013
