02020022
02020023
02020024
02020025
02020026
02023002
02023003
02023004
02023005
02023006
02023007
02023008
02023009
02023010
02023011
02023012
02023013
02023014
02023015
02023016
02023017
02023018
02023019
02023020
02023021
02023022
02023023
02023024
02023025
02023026
02023027
02023028
02023029
02023030
02023031
02023032
02023033
02025003
02025004
02025005
02025006
02025007
02025010
02025011
02025012
02025013
02025014
02025015
02025016
02025023
02025024
02025025
02025026
02025027
02025028
02025029
02025032
02025033
02025034
02025035
02025036
02025037
02025038
02025039
02025040
02028003
02028004
02028005
02028006
02028007
02028008
02028009
02028010
02028011
02028013
02028014
02028015
02028016
02028017
02028018
02028019
02028020
02028021
02028022
02028023
02028024
02028025
02028026
02028027
02028028
02028031
02028032
02028033
02028034
02028036
02028037
02028041
02028042
02028043
02030001
02030002
02030003
02030004
02030005
02030006
02030009
02030010
02030011
02030012
02030013
02030014
02030015
02030016
02030017
02030018
02030019
02030020
02030021
02030022
02030023
02030024
02030025
02030026
02030027
02030028
02030029
02030030
02030031
02030032
02030033
02030034
02030035
02030036
02030037
02030038
02031001
02031002
02031003
02031004
02031005
02031006
02031007
02031008
02031009
02031010
02031011
02031012
02031013
02031014
02031015
02031016
02031017
02035006
02035007
02035008
02035009
02035010
02035011
02035012
02035013
02035014
02035015
02035016
02035017
02035018
02035019
02036008
02036009
02036010
02036011
02036012
02036013
02036014
02036015
02036016
02036017
02036018
02036019
02036020
02036021
02036022
02036023
02036024
02036025
02036026
02036027
02036028
02036029
02036030
02036031
02036032
02036033
02036034
02036035
02036036
02036037
02036038
02037001
02037002
02037003
02037004
02037005
02037010
02037011
02037012
02037013
02037014
02037015
02037016
02037017
02037018
02037019
02037020
02037021
02037022
02037023
02037024
02037025
02037026
02037027
02037028
02037029
02039002
02039003
02039004
02039005
02039006
02039007
02039008
02039009
02039010
02039011
02039012
02039013
02039014
02039015
02039016
02039017
02039018
02039019
02039020
02039021
02039022
02039023
02039024
02039025
02039026
02039027
02039028
02039029
02039030
02039031
02039032
02039033
02039034
02039035
02039036
02039037
02039038
02039039
02039040
02039041
02040001
02040002
02040003
02040004
02040005
02040006
02040007
02040008
02040009
02040010
02040011
02040012
02040013
02040014
02040015
06008002
06008003
06008004
06008005
06008006
06008007
06008008
06008009
06008010
06008011
06008012
06008013
06008014
06008015
06008016
06008017
06008018
06008019
06008020
06008021
06008022
06008023
06008024
06008025
06008026
06008027
06008028
06008029
06009002
06009003
06009004
06009005
06009006
06009007
06009008
06009009
06009010
06009011
06009012
06009013
06009014
06009015
06009016
06009017
06009018
06009019
06009020
06009021
06009022
06009023
06009024
06009025
06009026
06009027
06010016
06010017
06010020
06010021
06010022
06010023
06010024
06010025
06010026
06010027
06010028
06010029
06010030
06010031
06010032
06010033
06010034
06010035
06010036
06010037
06010038
06010039
06010040
06010041
06010042
06010043
06011002
06011003
06011004
06011005
06011006
06011007
06011008
06011009
06011010
06011011
06011012
06011013
06011014
06011015
06011016
06011017
06011018
06011019
06011020
06011021
06011022
06011023
06012002
06012003
06012004
06012005
06012006
06012007
06012008
06012009
06012010
06012011
06012012
06012013
06012014
06012015
06012016
06012017
06012018
06012019
06012020
06012021
06012022
06012023
06012024
06013002
06013003
06013004
06013005
06013006
06013007
06013008
06013009
06013010
06013011
06013012
06013013
06013014
06013015
06013016
06013017
06013018
06013019
06013020
06013021
06013022
06013023
06013024
06013025
06013026
06013027
06013028
06013029
06013030
06013031
06013032
06013033
06014002
06014003
06014004
06014005
06015002
06015003
06015004
06015005
06015006
06015007
06015008
06015009
06015010
06015011
06015012
06015013
06015014
06015015
06015018
06015019
06015020
06015021
06015022
06015023
06015024
06015025
06015026
06015027
06015028
06015029
06015030
06015031
06015032
06015033
06015034
06015035
06015036
06015037
06015038
06015039
06015040
06015041
06015042
06015043
06015044
06015045
06015046
06015047
06015048
06015049
06015050
06015051
06015052
06015053
06015054
06015055
06015056
06015057
06015058
06015059
06015060
06015061
06015062
06015063
06018002
06018003
06018004
06018005
06018006
06018007
06018008
06018009
06018010
06018011
06018012
06018013
06018014
06018015
06018016
06018017
06018018
06018019
06018020
06018021
06018022
06018023
06018024
06018025
06018026
06018027
06018028
06019002
06019003
06019004
06019005
06019006
06019007
06019008
06019009
06019010
06019011
06019012
06019013
06019014
06019015
06019016
06019017
06019018
06019019
06019020
06019021
06019022
06019023
06019024
06019025
06019026
06019027
06019028
06019029
06019030
06019031
06019032
06019033
06019034
06019035
06019036
06019037
06019038
06019039
06019040
06019041
06019042
06019043
06019044
06019045
06019046
06019047
06019048
06019049
06019050
06019051
06020002
06020003
06020004
06020005
06020006
06020007
06020008
06020009
06021002
06021003
06021004
06021005
06021006
06021007
06021008
06021009
06021010
06021011
06021012
06021013
06021014
06021015
06021016
06021017
06021018
06021019
06021020
06021021
06021022
06021023
06021024
06021025
06021026
06021027
06021028
06021029
06021030
06021031
06021032
06021033
06021034
06021035
06021036
06021037
06021038
06021039
06021040
06021041
06021042
06022002
06022003
06022004
06022006
06022007
06022008
06022009
06022010
06022011
06022012
06022013
06022014
06022015
06022016
06022017
06022018
06022019
06022020
06022021
06022022
06022023
06022024
06022025
06022026
06022027
06022028
06022029
06022030
06022031
06022032
06022033
06022034
06023002
06023003
06023004
06023005
06023006
06023007
06023008
06023009
06023010
06023011
27008002
27008003
27008004
27008005
27008006
27008007
27008008
27008009
27008010
27008012
27008013
27008014
27008015
27008016
27008017
27008018
27008026
27008027
27010002
27010003
27010004
27010005
27010006
27010007
27010008
27010009
27010010
27010011
27010012
27010013
27010014
27010015
27010016
27010017
27010018
27010019
27010020
27010021
27011002
27011003
27011004
27011005
27011006
27011007
27011008
27011009
27011010
27011011
27011012
27011013
27011014
27011015
27011016
27011017
27011018
27011019
27011020
27011021
27011022
27011023
27011024
27011025
27011026
27011027
27011028
27011029
27011030
27011033
27011034
27011035
27011036
27011037
27011038
27011039
27011040
27011041
27011042
27011043
27011044
27011045
44015024
44015025
44015026
44015027
44015028
44015029
44023026
44023027
44023028
44023029
44023030
