01008016    
01014023    
01014024    
01025015    
01029024    
01029029    
02001005    
02037002    
02038015    
02039016    
02039017    
02039018    
03004002    
03007023    
03014002    
03014055    
03014056    
03014057    
04007005    
04016037    
04027016    
04027017    
04028010    
04031002    
04032011    
04032012    
04034015    
05014014    
05017019    
05017020    
05029011    
05029012    
05029013    
05034011    
05034012    
07003002    
09013002    
11007044    
11008042    
11008060    
11010017    
11011016    
11015002    
12012001
13005015
13006034
13006035
13006036
13006037
13006038
13006040
13006041
13006042
13006043
13006045
13006046
13006047
13009035
13009036
13009037
13009038
13009039
13009040
13009041
13009042
13009043
13009044
13016016
13016017
13016018
13016019
13016040
13024022
13026007
14003002
14006005
14006006
14027009
14036022
14036023
15007002
15007003
15007004
15007005
15010033
15010036
15010038
15010040
15010043
17004016
17004017
17009008
17009009
17009010
18015018
18015019
18019002
18023002
18030031
18035002
19006010
19006011
19017009
19063011
19063012
19078023
19078024
19078025
19102021
19102022
19102023
19105045
19107003
19130008
19132003
19132004
19132005
19136019
19136020
19149007
19149008
19149009
20005002
20022021
20022027
23012006
23038003
24011003
24011004
24011005
24027020
24027021
24029031
24029032
24045003
24045004
24051032
26016057
30008005
30008006
34003019
42001069
42001070
42001071
42001072
42001073
42001074
42001075
42002005
42002031
42002032
42003038
43003036
45015033
46016024
47004018
47010016
49006003
50001030
52003013
53002017
56003010
56003011
56003012
56003013
56003014
56003015
66010011
66019020
66019021
