40001002
40001003
40001004
40001005
40001006
40001007
40001008
40001009
40001010
40001011
40001012
40001013
40001014
40001015
40001016
40005003
40005004
40005005
40005006
40005007
40005008
40005009
40005010
40006010
40006011
40006012
40006013
40011018
40011019
41007008
41009001
41012037
41013026
41013027
42001056
42003024
42003025
42003026
42003027
42003028
42003029
42003030
42003031
42003032
42003033
42003034
42003035
42003036
42003037
42003038
42004011
42006023
42006026
42007028
42007033
42007034
42007035
42011003
42011004
42020044
42023031
43019001
43019002
43019003
44013034
44013035
44015024
44015025
44015026
44015027
44015028
44015029
44017029
44017030
44017031
44022001
44022002
44023026
44023027
44023028
44023029
44023030
45009026
45010021
45012021
45014012
45015010
45015011
45015012
46001020
46002010
46002011
46002012
46011001
46015056
46015057
46016023
46016024
47006001
47006002
47006017
47007001
47009010
47009011
47009012
47009013
47009014
47009015
47010018
48001001
48001002
48004001
48004002
48004003
48004004
48004005
49001001
49001002
49005015
49005016
49005017
50001001
51001001
51001002
51002001
51002002
51002003
51004001
51004018
52001001
52003001
52003002
52003003
52003004
52003005
53001001
54001001
54001002
55001001
55001002
56001001
56001002
56001003
56001004
57001001
57001002
58001006
58001007
58001008
58001010
58001013
58002009
58002013
58004004
58004005
58004006
58004007
58005006
58007018
58007019
58007020
58007021
58007022
58008013
58010008
58010009
58010010
58010017
58010018
58012007
58012008
58012009
58012010
58012011
58012027
59001001
60001001
60001002
60002007
60002008
60002023
60002024
60002025
60004019
60005006
60005007
61001001
62001001
62001002
62001003
62001004
63001001
63001002
63001013
64001001
65001001
66004009
66004010
66005014
66007005
66007006
66007007
66007008
66007011
66007012
66010007
66017006
66018015
66018016
66018019
66019003
66019006
