###	new link: http://listen.bible.is/NLCLAI/Matt/1
### all these verses are translated together with the preceding verse

40002006	
40002010	
40005035	
40007029	
40009021	
40020028	
41002026	
41003008	
41006018	
41009031	
41015010	
42009031	
42020004	
42021022	
42023051	
43003015	
43003024	
43004008	
43009022	
43010015	
43010036	
43012011	
44001022	
44001025	
44002027	
44002035	
44004037	
44008028	
44013039	
44020027	
45009012	
46001002	
46001003	
46001029	
46005013	
46010026	
46016009	
47001014	
47002016	
47009002	
47010002	
47011019	
49002009	
49003017	
50001002	
50002016	
51003003	
51003010	
52004005	
52005002	
53002017	
58003008	
58006020	
58009017	
59001008	
60002003	
61001014	
62005008	
65001015	
66002025	
66002027	
66018005	
