41003001
41003002
41003003
41003004
41003005
41003006
41009001
43008001
43008002
43008003
43008004
43008005
43008006
43008007
43008008
43008009
43008010
43008011
43016001
43016002
43016003
43016004
43019001
43019002
43019003
43019004
43019005
43019006
43019007
44007001
44007002
44008001
44023001
44023002
44023003
44023004
44023005
44026001
45003001
45003002
45003003
45003004
45015001
45015002
45015003
46011001
46013001
46013002
46013003
47005001
47005002
47005003
47005004
47005005
47005006
47005007
47005008
47005009
47005010
48004001
48004002
48004003
48004004
48004005
48004006
48004007
49005001
49005002
49005003
49005004
49005005
49005006
49005007
49006001
49006002
49006003
49006004
50002001
50002002
50002003
50002004
50002005
51002001
51002002
51002003
51002004
51002005
51004001
52005001
52005002
52005003
52005004
52005005
52005006
52005007
52005008
52005009
52005010
52005011
54006001
54006002
58005001
58005002
58005003
58005004
58006001
58006002
58006003
59005001
59005002
59005003
59005004
59005005
59005006
60004001
60004002
60004003
60004004
60004005
60004006
62002001
62002002
62003001
62003002
62003003
66016001
66016002
