40002009
40002010
40022045
41015042
41015043
42001073
42001074
42006022
42006023
42006026
42020018
42023044
42023045
42023050
42023051
43004037
43004038
43008001
43008002
43008003
43008004
43008005
43008006
44001021
44001022
44002032
44002033
44002034
44004012
44004027
44004028
44004029
44004030
44010036
44010037
44013032
44013033
44013034
44013035
44013036
44013037
44013038
44013039
44013040
44015024
44015025
44015026
44015027
44015028
44015029
44023026
44023027
44023028
44023029
44023030
44024002
44024003
44024008
45003025
45003026
45009011
45009012
45009013
45009026
45009027
45009028
45009029
45010019
45010021
45011028
45011029
45011030
45011031
45011032
45011036
46001020
46005003
46005004
46005012
46005013
46014022
46015051
46015052
46015056
46015057
47001013
47001014
47006017
47008013
47008014
47012003
47012004
49004009
49004010
49004011
49004012
49004013
49004014
49004015
49004016
51001005
51001006
51001011
51001012
58001006
58001007
58001008
58001010
58001013
58002009
58002010
58002013
58004004
58004005
58004006
58004007
58005006
58007022
58008013
58010008
58010009
58010010
58010017
58010018
58010039
58011017
58011018
58012007
58012008
58012009
58012010
58012011
58013020
58013021
59001007
59001008
60001001
60001002
60002007
60002008
60004019
66001004
66001005
66003008
66003009
66003010
66003011
66003012
66005013
66016007
66019003
66019006
66021012
66021013
