40001002
40001003
40001004
40001005
40001006
40001007
40001008
40001009
40001010
40001011
40001013
40001014
40001015
40001016
40002009
40002010
40004012
40004013
40006012
40006013
40006014
40006015
40010030
40010031
40011029
40011030
40014003
40014004
40017020
41001043
41001044
41005002
41005003
41005007
41005008
41005027
41005028
41006049
41006050
41007025
41007026
41015024
41015025
42001001
42001002
42001003
42001004
42002006
42002007
42002022
42002023
42002024
42003024
42003025
42003026
42003027
42003028
42003029
42003030
42003031
42003032
42003033
42003034
42003035
42003036
42003037
42003038
42007028
42008028
42008029
42011005
42011006
42014001
42014002
42020018
42020030
42020031
42023044
42023045
42023050
42023051
43001032
43001033
43004007
43004008
43008001
43010014
43010015
43011001
43011002
43011003
43011030
43011031
43012039
43012041
43016001
43016002
43016003
43016004
43017002
43017003
43017004
43017005
43017006
43017007
43017008
43017009
43017010
43017011
43017012
43017013
43017014
43017015
43017016
43017017
43017018
43017019
43017020
43017021
43017022
43017023
43017024
43017025
43017026
43019001
43019002
43019003
44001001
44001002
44001003
44001004
44001005
44001021
44001022
44004001
44004002
44004003
44004004
44008001
44008002
44013038
44013039
44014006
44014007
44015017
44015018
44015024
44015025
44015026
44015027
44015028
44015029
44015035
44018014
44018015
44019026
44019027
44020011
44020012
44022001
44022002
44023001
44023002
44023003
44023026
44023027
44023028
44023029
44023030
45001001
45001002
45001003
45001004
45001005
45001006
45001007
45004017
45004018
45004019
45004020
45004021
45004022
45004023
45004024
45004025
45008037
45008038
45008039
45009001
45009002
45009016
45009017
45009018
45009027
45009029
45010001
45010002
45010003
45010004
45010012
45010013
45010017
45010019
45010020
45010021
45011009
45014012
45014016
45014017
45014018
45015004
45015010
45015011
45015012
45016003
45016004
45016005
45016006
45016007
45016008
45016009
45016010
45016011
45016012
45016013
45016014
45016015
45016016
46001001
46001002
46001003
46002001
46002002
46002003
46002004
46002005
46002010
46002011
46002012
46002013
46003020
46003021
46003022
46003023
46005006
46005007
46009010
46009011
46009012
46011001
46015028
46015033
46015034
46015046
46015047
46015048
46015049
46015056
46015057
47001001
47001002
47001013
47001014
47001015
47001016
47002001
47002002
47002003
47002004
47002015
47002016
47004001
47004002
47004003
47004004
47004005
47004006
47004010
47004011
47006001
47006002
47007001
47009001
47009002
47009003
47009004
47009005
48001001
48001002
48001003
48001004
48001005
48001021
48001022
48002001
48002002
48002011
48002012
48002013
48002014
48002019
48002020
48003015
48003016
48004012
48004013
48004024
48004025
48005007
48005008
48006004
48006005
49001001
49001002
49001004
49001005
49002021
49002022
49005011
49005012
49005013
49006021
49006022
50001001
50001002
50001015
50001016
50004001
51001001
51001002
51004001
51004007
51004008
52001001
52002019
52002020
52003001
52003002
52003003
52003004
52003005
52005001
52005002
52005003
53001001
53001002
53002003
53002004
54001001
54001002
55001001
55001002
55004001
55004002
55004003
55004004
56001001
56001002
56001003
56001004
57001001
57001002
57001003
58005001
58005002
58005003
58006001
58006002
58006003
58006004
58006005
58006006
58011017
58011018
58012001
58012002
58012018
58012019
58012020
59001001
59003007
59003008
59005007
59005008
59005019
59005020
60001001
60001002
60001018
60001019
60002001
60002002
60002003
60002023
60002024
60003001
60003002
60003003
60003004
61001001
61001002
61001017
61001018
61002007
61002008
62001001
62001002
62001003
62001004
62002005
62002006
62003019
62003020
63001001
63001002
63001003
64001001
64001002
64001003
64001004
65001001
65001002
65001024
65001025
66001001
66001002
66001003
66002002
66002003
66002004
66002005
66002006
66002007
66002009
66002010
66002011
66002013
66002014
66002015
66002016
66002017
66002019
66002020
66002021
66002022
66002023
66002024
66002025
66002026
66002027
66003002
66003003
66003004
66003005
66003008
66003009
66003010
66003011
66003012
66003013
66003015
66003016
66003017
66003018
66003019
66003020
66003021
66003022
66009001
66009002
66009003
66009004
66009005
66009006
66014019
66014020
66016015
66016016
66020005
66020006
