40004017
40005023
40005024
40011011
40013015
40013029
40013030
40021006
40021007
40021008
40021009
40021024
40021025
40021043
40022037
40022038
40022045
40024048
40024049
40024050
40025024
40025025
40025026
40025027
41002006
41002007
41003018
41003019
41006019
41006020
41007008
41007009
41007015
41009002
41009003
41010029
41010030
41011029
41011030
41015029
41015030
42001014
42001015
42001080
42002001
42002002
42002034
42002035
42004012
42004025
42004026
42007004
42007005
42007028
42007041
42007042
42008011
42008012
42011005
42011006
42011021
42011022
42012018
42012019
42012045
42012046
42015018
42015019
42016027
42016028
42018004
42018005
42018011
42018012
42019020
42019021
42019022
42019023
42019026
42019027
42020018
42020044
42023050
42023051
43004001
43004002
43004007
43004008
43009013
43009014
43010014
43010015
43011005
43011006
43012016
43012039
43012041
43013002
43013003
43013004
43013023
43013024
44001024
44001025
44004034
44004035
44008034
44013038
44013039
44015019
44015020
44015021
44017026
44017027
44024018
44024019
44028028
45001003
45001004
45001006
45001007
45002019
45002020
45003021
45003022
45004001
45004002
45004004
45004005
45009011
45009012
45009013
45009027
45009028
45009029
45010019
45010020
45010021
45014012
45015005
45015006
45015010
45015011
45015012
46002010
46005012
46005013
46006009
46006010
46007010
46007011
46010029
46010030
47001013
47001014
47006017
47009010
47009011
47009012
47009013
47009014
47009015
48004001
48004002
49006002
49006003
54001018
54001019
57001004
57001005
57001008
57001009
57001010
57001023
57001024
58001006
58001007
58001008
58001010
58001013
58001014
58002009
58002013
58003016
58003017
58003018
58003019
58004004
58004005
58004006
58004007
58004008
58004009
58004010
58004011
58005006
58005007
58005008
58005009
58005010
58006001
58006002
58007009
58007010
58007018
58007019
58007022
58007023
58007024
58007025
58008013
58010008
58010009
58010010
58010018
58010039
58012007
58012008
58012009
58012010
58012011
60002008
60003001
60003002
60005006
60005007
63001010
63001011
64001013
64001014
65001024
65001025
66004009
66004010
66006016
66006017
66007011
66007012
66011016
66011017
66012007
66012008
66014009
66014010
66019017
66019018
66020005
66020006
66021003
66021004
66021019
66021020
66022012
66022013
