40001002
40001003
40001004
40001005
40001006
40001007
40001008
40001009
40001010
40001011
40001012
40001013
40001014
40001015
40001016
40006014
40006015
40011011
40011012
40011013
40011014
40011015
40011018
40011019
40013016
40013017
40013018
40013019
40013020
40013021
40013022
40013023
40022045
40023013
40026032
41001004
41001005
41001006
41001007
41006035
41006036
41006048
41006049
41009043
41009045
41012037
41014004
41014005
41014028
42001069
42001070
42001074
42001075
42003024
42003025
42003026
42003027
42003028
42003029
42003030
42003031
42003032
42003033
42003034
42003035
42003036
42003037
42003038
42007033
42007034
42007035
42012037
42012038
42020018
42021037
42021038
42023031
42023050
42023051
43001026
43001027
43012014
43012041
43012042
43012043
44001021
44001022
44004012
44004027
44004028
44004029
44004030
44008036
44011004
44011005
44013034
44013035
44015035
44023012
44023013
44024008
44028028
45001003
45001004
45003025
45003026
45008012
45008013
45008037
45008038
45008039
45009016
45009017
45009018
45009026
45009027
45009029
45010020
45010021
45011004
45011009
45012021
45014012
45014013
45015010
45015011
45015012
45015022
45015023
45015024
45016003
45016004
45016005
45016006
45016007
45016008
45016009
45016010
45016011
45016012
45016013
45016014
45016015
45016016
46002010
46002011
46002012
46002013
46002014
46002015
46002016
46006009
46006010
46015033
46015034
46015056
46015057
47004010
47004011
47006017
47006018
47009010
47009011
47009012
47009013
47009014
47009015
47012003
47012004
49004009
49004010
49004011
49004012
49004013
49006002
49006003
49006021
49006022
51004007
51004008
58001006
58001007
58001008
58001010
58001013
58001014
58002009
58002010
58002013
58005006
58007022
58010008
58010009
58010010
58010039
58011037
58011038
58013006
58013020
58013021
59005019
59005020
60002007
60002008
60002009
60002023
60002024
60002025
60003001
60003002
60005006
60005007
61001014
61001015
62005007
62005008
65001024
65001025
66002026
66002027
66002028
66004002
66004003
66004009
66004010
66005014
66007005
66007006
66007007
66007008
66007011
66009017
66009018
66010006
66010007
66011016
66011017
66012008
66012009
66013017
66013018
66016007
66017006
66020014
66020015
