40001003
40001004
40001005
40001006
40001008
40001009
40001010
40001011
40001013
40001014
40001015
40001016
40001021
40001022
40001025
40002004
40002006
40002010
40002012
40002015
40002017
40002023
40003005
40003012
40003014
40003017
40004002
40004013
40004016
40004019
40004024
40004025
40005002
40005015
40005016
40005018
40005022
40005024
40005028
40005030
40005032
40005034
40005035
40005036
40005037
40005039
40005040
40005041
40005042
40005045
40005047
40005048
40006004
40006008
40006015
40006017
40006018
40006020
40006021
40006023
40006027
40006029
40006030
40006032
40006033
40006034
40007002
40007004
40007005
40007008
40007010
40007011
40007012
40007014
40007016
40007017
40007018
40007019
40007020
40007022
40007023
40007025
40007026
40007027
40007029
40008002
40008004
40008006
40008009
40008012
40008015
40008017
40008025
40008029
40008031
40008034
40009002
40009011
40009013
40009016
40009017
40009020
40009021
40009031
40009036
40009038
40010003
40010004
40010006
40010010
40010012
40010013
40010015
40010017
40010018
40010020
40010022
40010023
40010025
40010026
40010030
40010031
40010033
40010035
40010037
40011003
40011008
40011009
40011012
40011013
40011014
40011017
40011018
40011019
40011022
40011024
40011026
40011029
40011030
40012002
40012004
40012006
40012008
40012010
40012012
40012015
40012016
40012024
40012034
40012035
40012036
40012037
40012044
40012045
40012047
40013002
40013006
40013013
40013015
40013017
40013021
40013025
40013026
40013027
40013030
40013032
40013035
40013038
40013039
40013041
40013042
40013043
40013046
40013048
40013049
40013050
40013051
40013054
40013056
40014002
40014004
40014007
40014008
40014011
40014020
40014021
40014023
40014024
40014026
40014027
40014030
40014033
40014035
40014036
40015008
40015009
40015011
40015014
40015017
40015018
40015019
40015031
40015036
40015037
40015038
40016003
40016004
40016009
40016010
40016011
40016018
40016019
40016021
40016025
40016026
40016028
40017002
40017012
40017016
40017018
40017023
40017027
40018003
40018008
40018009
40018013
40018016
40018018
40018020
40018024
40018026
40018027
40018029
40018030
40019002
40019005
40019006
40019009
40019012
40019024
40019030
40020002
40020004
40020005
40020006
40020009
40020010
40020011
40020014
40020015
40020018
40020019
40020033
40021003
40021005
40021007
40021015
40021019
40021022
40021029
40021035
40021036
40021038
40021039
40021046
40022003
40022005
40022006
40022008
40022009
40022010
40022019
40022020
40022026
40022027
40022028
40022030
40023003
40023004
40023015
40023017
40023019
40023020
40023021
40023022
40023024
40023026
40023028
40023030
40023031
40023032
40023034
40023038
40023039
40024002
40024010
40024016
40024024
40024025
40024027
40024028
40024038
40024039
40024040
40024041
40024042
40024044
40024046
40024047
40024049
40024050
40024051
40025003
40025004
40025006
40025008
40025009
40025011
40025012
40025015
40025017
40025018
40025025
40025027
40025028
40025030
40025032
40025033
40025035
40025036
40025038
40025039
40025042
40025043
40026004
40026007
40026009
40026011
40026012
40026013
40026015
40026021
40026034
40026041
40026048
40026049
40026051
40026053
40026054
40026056
40026060
40026061
40026063
40026066
40026068
40026070
40026072
40027002
40027008
40027010
40027016
40027021
40027028
40027029
40027030
40027031
40027034
40027036
40027037
40027040
40027046
40027048
40027049
40027052
40027053
40027056
40027058
40027059
40027060
40027061
40027063
40028009
40028010
40028012
40028013
40028017
40028019
40028020
41001003
41001010
41001011
41001013
41001017
41001018
41001020
41001022
41001024
41001030
41001031
41001033
41001034
41001037
41001044
41002002
41002004
41002005
41002009
41002014
41002022
41002024
41002026
41002027
41002028
41003008
41003010
41003012
41003015
41003017
41003018
41003019
41003024
41003025
41003026
41003027
41003029
41003032
41004004
41004006
41004009
41004011
41004012
41004017
41004019
41004027
41004028
41004029
41004031
41004032
41004034
41005002
41005004
41005007
41005008
41005017
41005019
41005023
41005033
41005034
41006009
41006013
41006016
41006018
41006019
41006020
41006022
41006023
41006027
41006028
41006031
41006032
41006036
41006040
41006044
41006046
41006048
41006050
41006052
41006054
41006055
41007002
41007004
41007012
41007019
41007021
41007022
41007023
41007026
41007027
41007033
41007034
41007035
41007037
41008009
41008013
41008015
41008023
41008026
41008032
41008035
41008036
41008037
41008038
41009003
41009031
41009037
41009040
41009041
41009045
41009047
41009048
41010008
41010011
41010019
41010025
41010030
41010034
41010040
41010045
41010047
41011003
41011005
41011006
41011013
41011014
41011016
41011017
41011021
41011023
41011028
41011030
41011032
41011033
41012003
41012010
41012011
41012020
41012021
41012022
41012023
41012025
41012027
41012033
41012039
41012040
41012042
41012044
41013004
41013006
41013013
41013015
41013016
41013018
41013019
41013020
41013022
41013023
41013031
41013033
41013035
41013036
41013037
41014004
41014005
41014007
41014008
41014009
41014011
41014014
41014015
41014021
41014025
41014028
41014034
41014038
41014040
41014051
41014052
41014056
41014058
41014059
41014061
41014064
41014067
41015004
41015005
41015008
41015017
41015018
41015019
41015020
41015023
41015024
41015026
41015032
41015036
41015041
41015043
41015045
41016002
41016003
41016004
41016006
41016007
41016010
41016011
41016013
41016016
41016018
42001006
42001007
42001009
42001010
42001012
42001020
42001022
42001023
42001025
42001027
42001028
42001031
42001032
42001033
42001036
42001037
42001040
42001041
42001044
42001045
42001047
42001048
42001049
42001050
42001051
42001052
42001053
42001054
42001055
42001058
42001069
42001070
42001071
42001072
42001073
42001074
42001075
42001076
42001077
42001078
42001079
42002005
42002007
42002023
42002024
42002026
42002028
42002030
42002031
42002032
42002034
42002035
42002037
42002038
42002040
42002042
42002043
42002044
42002045
42002047
42003002
42003005
42003006
42003008
42003009
42003016
42003017
42003022
42003024
42003025
42003026
42003027
42003028
42003029
42003030
42003031
42003033
42003035
42003036
42003037
42003038
42004002
42004007
42004010
42004011
42004015
42004017
42004019
42004021
42004024
42004025
42004026
42004027
42004029
42004030
42004032
42004034
42004037
42004039
42004041
42005010
42005016
42005019
42005023
42005024
42005026
42005028
42005032
42005035
42005037
42005038
42005039
42006002
42006004
42006005
42006007
42006008
42006010
42006011
42006013
42006014
42006015
42006016
42006018
42006019
42006028
42006030
42006036
42006038
42006040
42006042
42006044
42006045
42006048
42006049
42007005
42007007
42007008
42007010
42007012
42007019
42007021
42007025
42007026
42007030
42007037
42007038
42007042
42008006
42008007
42008008
42008010
42008012
42008013
42008014
42008015
42008017
42008018
42008020
42008021
42008023
42008028
42008029
42008031
42008033
42008039
42008042
42008044
42008046
42008052
42008056
42009002
42009004
42009005
42009008
42009011
42009016
42009017
42009022
42009029
42009030
42009031
42009033
42009038
42009040
42009045
42009047
42009056
42010004
42010006
42010007
42010009
42010010
42010019
42010020
42010024
42010026
42010034
42010035
42010037
42010039
42010042
42011006
42011012
42011013
42011015
42011016
42011018
42011019
42011020
42011022
42011025
42011026
42011030
42011034
42011036
42011038
42011040
42011041
42011044
42011051
42011054
42012002
42012005
42012007
42012009
42012010
42012012
42012015
42012017
42012018
42012019
42012023
42012024
42012026
42012028
42012030
42012031
42012034
42012036
42012037
42012039
42012040
42012043
42012044
42012046
42012050
42012051
42012052
42012053
42012055
42012056
42012057
42012059
42013003
42013004
42013005
42013007
42013009
42013011
42013012
42013013
42013016
42013017
42013019
42013025
42013035
42014002
42014004
42014005
42014006
42014008
42014009
42014011
42014013
42014014
42014017
42014018
42014019
42014020
42014022
42014023
42014024
42014026
42014027
42014029
42014030
42014032
42014033
42015005
42015006
42015007
42015009
42015010
42015018
42015019
42015021
42015023
42015024
42015026
42015029
42015032
42016002
42016004
42016006
42016015
42016021
42016026
42016028
42017008
42017009
42017010
42017012
42017013
42017016
42017018
42017019
42017021
42017023
42017024
42017027
42017029
42017030
42017032
42017033
42017035
42018003
42018005
42018007
42018008
42018012
42018017
42018020
42018023
42018025
42018030
42018032
42018033
42018036
42018037
42018038
42018043
42019002
42019004
42019010
42019013
42019014
42019016
42019021
42019023
42019027
42019029
42019030
42019031
42019033
42019035
42019037
42019042
42019043
42019044
42019046
42019048
42020002
42020004
42020006
42020007
42020010
42020011
42020012
42020018
42020021
42020022
42020024
42020026
42020028
42020035
42020036
42020038
42020040
42020042
42020043
42020044
42020046
42020047
42021002
42021006
42021009
42021010
42021011
42021013
42021015
42021017
42021018
42021019
42021021
42021022
42021024
42021026
42021027
42021028
42021030
42021031
42021032
42021035
42021038
42022002
42022004
42022005
42022006
42022008
42022011
42022016
42022018
42022029
42022030
42022032
42022037
42022040
42022042
42022044
42022048
42022050
42022055
42022062
42022064
42022065
42022067
42022068
42023002
42023007
42023009
42023010
42023012
42023014
42023015
42023016
42023018
42023019
42023020
42023021
42023023
42023024
42023025
42023027
42023030
42023031
42023033
42023037
42023038
42023041
42023042
42023045
42023046
42023048
42023049
42023051
42023052
42023054
42023056
42024002
42024007
42024009
42024010
42024011
42024012
42024014
42024015
42024016
42024021
42024023
42024024
42024026
42024027
42024029
42024031
42024034
42024037
42024039
42024040
42024042
42024043
42024047
42024051
42024052
42024053
43001007
43001017
43001025
43001027
43001030
43001031
43001034
43001036
43002002
43002007
43002008
43002015
43002016
43002022
43002024
43002025
43003002
43003006
43003007
43003011
43003012
43003013
43003015
43003024
43003032
43003033
43003034
43003036
43004002
43004005
43004006
43004012
43004014
43004020
43004022
43004023
43004024
43004026
43004029
43004030
43004038
43004040
43004041
43004044
43004045
43004047
43005002
43005006
43005023
43005026
43005027
43005029
43005030
43005032
43005033
43005034
43005036
43005037
43005038
43005040
43005042
43005043
43006003
43006004
43006011
43006017
43006018
43006019
43006020
43006021
43006023
43006024
43006026
43006027
43006031
43006033
43006054
43006055
43006056
43006058
43007002
43007012
43007013
43007015
43007017
43007018
43007019
43007026
43007027
43007029
43007034
43007036
43007038
43007048
43007049
43008002
43008005
43008007
43008008
43008010
43008015
43008016
43008018
43008024
43008026
43008031
43008032
43008038
43008045
43008047
43008050
43008051
43008055
43008056
43009007
43009011
43009029
43009031
43009032
43009033
43010007
43010008
43010012
43010013
43010015
43010016
43010018
43010023
43010024
43010026
43010028
43010029
43010032
43010035
43010036
43010037
43010038
43010041
43010042
43011010
43011013
43011015
43011018
43011019
43011021
43011022
43011026
43011029
43011031
43011032
43011042
43011043
43011050
43011052
43011056
43012003
43012010
43012011
43012013
43012015
43012018
43012021
43012022
43012038
43012040
43012043
43012045
43012046
43012047
43012049
43012050
43013002
43013005
43013017
43013019
43013024
43013025
43013027
43013029
43013030
43013032
43014003
43014007
43014010
43014011
43014013
43014014
43014016
43014017
43014019
43014020
43014021
43014024
43014026
43014028
43015002
43015007
43015008
43015010
43015011
43015012
43015013
43015014
43015016
43015019
43015020
43015027
43016003
43016010
43016011
43016014
43016018
43016020
43016021
43016023
43016024
43016026
43016027
43016028
43016030
43016032
43017005
43017007
43017008
43017010
43017014
43017026
43018002
43018007
43018009
43018011
43018013
43018014
43018016
43018017
43018020
43018021
43018029
43018032
43018039
43019002
43019009
43019020
43019024
43019027
43019032
43019033
43019034
43019036
43019037
43019042
43020002
43020004
43020005
43020007
43020009
43020010
43020012
43020022
43020023
43020025
43020027
43020031
43021009
43021013
43021018
44001002
44001005
44001008
44001010
44001011
44001013
44001019
44001022
44001024
44001025
44002004
44002006
44002008
44002009
44002010
44002011
44002012
44002015
44002016
44002018
44002019
44002020
44002021
44002023
44002024
44002026
44002027
44002028
44002030
44002033
44002035
44002042
44003008
44003010
44003018
44003020
44003023
44004002
44004009
44004010
44004011
44004014
44004015
44004017
44004022
44004026
44004029
44004030
44004035
44005002
44005006
44005008
44005011
44005013
44005018
44005020
44005034
44005035
44005036
44006003
44006004
44006006
44006009
44006010
44006013
44006014
44007003
44007005
44007007
44007010
44007012
44007013
44007014
44007016
44007018
44007019
44007021
44007022
44007024
44007025
44007028
44007031
44007032
44007034
44007036
44007038
44007040
44007041
44007043
44007047
44007049
44007050
44007052
44007053
44007055
44007056
44007058
44007060
44008002
44008005
44008006
44008007
44008008
44008010
44008011
44008012
44008013
44008015
44008016
44008017
44008019
44008021
44008022
44008023
44008027
44008028
44008033
44008035
44008038
44009002
44009004
44009006
44009009
44009012
44009014
44009016
44009027
44009029
44009030
44009034
44009035
44009037
44009038
44010002
44010006
44010008
44010010
44010011
44010012
44010013
44010018
44010020
44010026
44010037
44010040
44010041
44010042
44010043
44010045
44010046
44011005
44011006
44011007
44011011
44011012
44011013
44011014
44011016
44011017
44011020
44011021
44011023
44011024
44011026
44011028
44011029
44012002
44012004
44012005
44012007
44012008
44012010
44012013
44012014
44012015
44012017
44012022
44013003
44013005
44013007
44013018
44013025
44013031
44013033
44013037
44013039
44013041
44013043
44013049
44013051
44014003
44014004
44014006
44014007
44014009
44014012
44014013
44014015
44014016
44014017
44014025
44014028
44015002
44015005
44015007
44015008
44015009
44015011
44015017
44015018
44015020
44015021
44015026
44015027
44015029
44015035
44015041
44016014
44016015
44016017
44016020
44016021
44016023
44016024
44016026
44016039
44017006
44017007
44017009
44017011
44017012
44017017
44017023
44017025
44017026
44017031
44017034
44018002
44018005
44018008
44018010
44018013
44018028
44019002
44019005
44019006
44019007
44019009
44019010
44019012
44019014
44019016
44019019
44019020
44019022
44019029
44019031
44019034
44020002
44020009
44020011
44020012
44020014
44020015
44020023
44020024
44020026
44020027
44020030
44020034
44020035
44020037
44020038
44021002
44021006
44021011
44021016
44021017
44021019
44021028
44021031
44021032
44021034
44022005
44022007
44022012
44022013
44022018
44022023
44022025
44023003
44023008
44023013
44023017
44023021
44023027
44023028
44023029
44023030
44023032
44023034
44024012
44024013
44024015
44024021
44024023
44024025
44025002
44025005
44025007
44025008
44025015
44025016
44025018
44025019
44025021
44026003
44026005
44026007
44026010
44026011
44026013
44026014
44026020
44026022
44026023
44027002
44027005
44027007
44027008
44027012
44027015
44027017
44027019
44027024
44027028
44027029
44027031
44027032
44027034
44027036
44027037
44027038
44027040
44027041
44027043
44027044
44028002
44028004
44028005
44028008
44028010
44028013
44028014
44028017
44028019
44028027
44028031
45001002
45001007
45001009
45001011
45001012
45001017
45001019
45001020
45001023
45001025
45001031
45002006
45002013
45002014
45002015
45002018
45002019
45002020
45002026
45003006
45003007
45003008
45003011
45003012
45003013
45003014
45003015
45003016
45003017
45003018
45003028
45004002
45004008
45004012
45004017
45004019
45004022
45004024
45004025
45005002
45005004
45005005
45005013
45005014
45005021
45006003
45006006
45006007
45006009
45006017
45006018
45006021
45007003
45007008
45007010
45007011
45007012
45007016
45007017
45007019
45007020
45007022
45007023
45008002
45008010
45008011
45008013
45008016
45008017
45008019
45008020
45008021
45008023
45008025
45008027
45008030
45008032
45008039
45009002
45009003
45009005
45009011
45009012
45009013
45009015
45009016
45009024
45009026
45009028
45009031
45009033
45010015
45011003
45011004
45011006
45011008
45011010
45011014
45011021
45011023
45011026
45011027
45011029
45011030
45011031
45011032
45011036
45012002
45012005
45012007
45012008
45012010
45012011
45012013
45012018
45012020
45013007
45015006
45015016
45015024
45015026
45015030
45015031
45015032
45015033
46001002
46005004
46005005
46006010
46010004
46010007
46011014
46011015
46011021
46011024
46012020
46012028
46013005
46015004
46015006
46015007
46015055
47001016
47001020
47003003
47006002
47006018
48001002
48001007
48001012
48001014
48001016
48001017
48001019
48001022
48001023
48001024
48002003
48002005
48002008
48002009
48002010
48002016
48002018
48002019
48002021
48003003
48003004
48003007
48003013
48003026
48004005
48004011
48004029
48005009
48005020
48005021
48005023
48006008
49001002
49001005
49001006
49001014
49001023
49003005
49005016
49005030
49006003
50001004
50001005
50002006
50002007
50002008
51001002
51001004
51001006
51001010
51002021
51002022
51004003
52002012
52005026
53001008
53002002
53002017
54001002
54001004
54001011
54002002
54002006
54003002
54003005
54003013
54005020
54006004
54006005
55001002
55002002
55002012
55002013
57001002
57001005
57001024
58001009
58001011
58001012
58002006
58002007
58002012
58003008
58003009
58003010
58003011
58004006
58005002
58005003
58007013
58007014
58007015
58007016
58007021
58007022
58008009
58008010
58008011
58008012
58009020
58010006
58010007
58010016
58010017
58010038
58011038
58012006
58013021
59001008
59002020
60001011
60001025
60002003
60002014
60002023
60003011
60003012
61001006
61001007
61001013
61001014
61001015
61001018
61001021
61003006
61003016
62002006
64001004
64001014
64001015
65001002
66001002
66002013
66005010
66007005
66007006
66007007
66007008
66008002
66008009
66011009
66011012
66015004
