41002025
41002026
41003009
41003010
41006035
41006036
41006039
41006040
41007008
41007009
41007010
41007011
41007012
41007013
41012037
41012043
41012044
41015042
41015043
42004011
42007028
42007033
42007034
42007035
42023044
42023045
42023050
42023051
44001021
44001022
44002032
44002033
44002034
44004012
44004027
44004028
44004029
44004030
44004031
44010009
44010010
44010040
44010041
44013036
44013037
44013038
44013039
44013040
44017029
44017030
44017031
44027016
44027017
45009011
45009012
45011009
45011036
45014012
45015010
45015011
45015012
46002010
46002011
46002012
46005012
46005013
46014022
46015056
46015057
46015058
47009010
47009011
47009012
47009013
47009014
47009015
58001006
58001007
58001008
58001010
58001013
58001014
58002009
58002010
58002013
58003016
58003017
58003018
58003019
58004004
58004005
58004006
58004007
58004008
58004009
58004010
58004011
58005006
58007022
58008013
58010008
58010009
58010010
58010017
58010018
58010039
59001007
59001008
60002007
60002008
60004019
62005007
62005008
66005013
66005014
