40001002
40001003
40001004
40001005
40001006
40001007
40001008
40001009
40001010
40001011
40001013
40001014
40001015
40001016
40002007
40003004
40003005
40003006
40004007
40004017
40005002
40005003
40005004
40005005
40005006
40005007
40005008
40005009
40005010
40005011
40005012
40006003
40006004
40006010
40006011
40006012
40006013
40006014
40006015
40007003
40007004
40007017
40007018
40008030
40008031
40010003
40010004
40011011
40011012
40011013
40011014
40011016
40011017
40011018
40013016
40013017
40014003
40014004
40014009
40014010
40015020
40016027
40016028
40019019
40019020
40021006
40021007
40021010
40021017
40021043
40022029
40022030
40022031
40022045
40024030
40024031
40024037
40024038
40024039
40025001
40025002
40025003
40025004
40026032
40027020
40027021
40027038
40027055
40027056
41001004
41002025
41002026
41003017
41003018
41003019
41003020
41003021
41004031
41004032
41005003
41005004
41005006
41005007
41005008
41005011
41005012
41006008
41006009
41006017
41006018
41006019
41006020
41006049
41006050
41007008
41007009
41007010
41007020
41007021
41007022
41007023
41007025
41007026
41009005
41009006
41009012
41009013
41010020
41011011
41012012
41012025
41012026
41012037
41013026
41013027
41014028
41015024
41015025
41015031
41015032
41015042
41015043
41016003
41016004
41016018
41016019
41016020
42001001
42001002
42001003
42001039
42001040
42001046
42001056
42001063
42001064
42001065
42001076
42002001
42002002
42002004
42002005
42002022
42002023
42002024
42002030
42002031
42002033
42002036
42002037
42002041
42002042
42003002
42003024
42003025
42003026
42003027
42003028
42003029
42003030
42003031
42003032
42003033
42003034
42003035
42003036
42003037
42003038
42004012
42004020
42004021
42005008
42005009
42005010
42006015
42006016
42006021
42006022
42006023
42006024
42006025
42006026
42006041
42006042
42007002
42007003
42007020
42007021
42007028
42007033
42007044
42007045
42007046
42008001
42008002
42008003
42008027
42008028
42008029
42009001
42009002
42009007
42009008
42009009
42009030
42009031
42011003
42011004
42011005
42011006
42011031
42011032
42011047
42011048
42012035
42012036
42012056
42012057
42014001
42014002
42016011
42016012
42016020
42016021
42017026
42017027
42018002
42018003
42018004
42018005
42018021
42019039
42020018
42020019
42020020
42020035
42020036
42020042
42020043
42020044
42021018
42021019
42021022
42021023
42021025
42021026
42021037
42021038
42022021
42022022
42023036
42023037
42023044
42023045
42023050
42023051
42024003
42024004
42024014
42024015
42024039
42024040
43001006
43001007
43001008
43001009
43001019
43001020
43001022
43001024
43001025
43001043
43001044
43004001
43004002
43004003
43004007
43004008
43004017
43006004
43006005
43006022
43006023
43006024
43009036
43009037
43009038
43011001
43011002
43011004
43011005
43011018
43011019
43011038
43011039
43012014
43012016
43012017
43012018
43012028
43012029
43012039
43012041
43013001
43013002
43013008
43013009
43013010
43013023
43013024
43013031
43013032
43016017
43016018
43016019
43016020
43018005
43018006
43018007
43018008
43019036
43019037
43019041
43019042
43020003
43020004
43021012
43021013
44001016
44001017
44001021
44001022
44002019
44002020
44002029
44002030
44002031
44002032
44002034
44002035
44002036
44004012
44004027
44004028
44005021
44005022
44006006
44007051
44007052
44008001
44008017
44008018
44008032
44008033
44008034
44012016
44013004
44013005
44013034
44013036
44013037
44013038
44013039
44013042
44013043
44015019
44015020
44015021
44015024
44015025
44015026
44015027
44015028
44015029
44016032
44016033
44016034
44017006
44017007
44019003
44019004
44019026
44019027
44022001
44022028
44022029
44023026
44023027
44023028
44023029
44023030
44023031
44023032
44023033
44027011
44027012
44028028
45001006
45001007
45001029
45001030
45001031
45001032
45002020
45002021
45003005
45003006
45003019
45003020
45003025
45003026
45004005
45004006
45004007
45004008
45004018
45004019
45004024
45004025
45005015
45005016
45006003
45006004
45007015
45007016
45007019
45007020
45008005
45008006
45008037
45008038
45008039
45009002
45009003
45009011
45009012
45009013
45010002
45010003
45010019
45010020
45010021
45011009
45011019
45011020
45011021
45011028
45011029
45011030
45011031
45011036
45012017
45012018
45012019
45012020
45012021
45013010
45014012
45015001
45015002
45015010
45015011
45015012
45015013
45015017
45015018
45015022
45015023
45015025
45015026
45016004
45016005
45016006
45016007
45016008
45016009
45016010
45016011
45016012
45016013
45016014
45016015
45016016
45016025
45016026
46001001
46001002
46001020
46003021
46003022
46004003
46004004
46004011
46004012
46004018
46004019
46005004
46005005
46005010
46005011
46005012
46005013
46006009
46006010
46006011
46007005
46007006
46007010
46007011
46007026
46007027
46008004
46008005
46008006
46008011
46008012
46009008
46009009
46010007
46010008
46010009
46010010
46010011
46010012
46010028
46010029
46011001
46011005
46011006
46012004
46012005
46012008
46012009
46012010
46012011
46012029
46012030
46012031
46014007
46014008
46014022
46014023
46014033
46014034
46014036
46014037
46015006
46015007
46015053
46015054
46015056
46015057
46016006
46016007
46016015
46016016
46016017
46016018
47001004
47001005
47001013
47001014
47002001
47002002
47002003
47002015
47002016
47004010
47004011
47005018
47005019
47006004
47006005
47006006
47006007
47006017
47008010
47008011
47011007
47011008
47011016
47011017
47011018
47011019
47012003
47012004
47012005
47012006
47013001
47013002
48002011
48002012
48003015
48003016
48003024
48003025
48004024
48004025
48004026
48004027
48004028
48005002
48005003
48005019
48005020
48005021
48005022
48005023
48005024
48005025
48005026
49001011
49001012
49001015
49001016
49001019
49002004
49002005
49003001
49003002
49003007
49003008
49004009
49004010
49004012
49004013
49005011
49005012
49005013
49005014
49006006
49006007
49006013
49006014
49006015
49006016
49006017
49006018
49006019
49006020
49006021
49006022
50001013
50001014
50001015
50001016
50001017
50001022
50001023
50001024
50001025
50003001
50003002
50003008
50003009
50003012
50003013
50004009
50004014
50004015
51001001
51001002
51001010
51001011
51003022
51003023
51004007
51004008
51004009
51004010
51004011
52001002
52001003
52002008
52002009
52002017
52002018
52002019
52002020
52003001
52003002
52004004
52004005
52004006
52004007
52004008
53001005
53001006
53002009
53002010
53003006
53003007
54001001
54001002
54001010
54001011
54002011
54002012
54003002
54003003
54003004
54003005
54003006
54003007
54003009
54003010
54003012
54003013
54006013
54006014
55001011
55001012
55002016
55002017
55003003
55003004
55003005
56001006
56001007
56001008
56001009
56001013
56001014
56001015
56001016
56002005
56003008
57001012
57001013
58001006
58001007
58001008
58001010
58001013
58002009
58002013
58002014
58002015
58003009
58004006
58004007
58004009
58004010
58005006
58005013
58005014
58006001
58006002
58006003
58006013
58006014
58006019
58006020
58007004
58007005
58007006
58007007
58007008
58007009
58007013
58007014
58007018
58007019
58007020
58007021
58007022
58008003
58008004
58008013
58009002
58009003
58009005
58009006
58009016
58009017
58010005
58010006
58010008
58010017
58010018
58010019
58010020
58010031
58010038
58010039
58011002
58011003
58011017
58011018
58011023
58011024
58011033
58011034
58011035
58011037
58011038
58012007
58012008
58012009
58012016
58012017
58012019
58012020
58012022
58012023
58013020
58013021
59001007
59001008
59001018
59001020
59001021
59001022
59001023
59002002
59002003
59003011
59003012
59003018
59004007
59004008
59005002
59005003
59005005
59005006
59005019
59005020
60001008
60001009
60001010
60001011
60002007
60002008
60003001
60003002
60003015
60003016
60003017
60003019
60003020
60004019
60005006
60005007
61001006
61001007
61001017
61001018
61002007
61002008
61002014
61002015
61002016
61003015
61003016
62001009
62001010
62002010
62002011
62002012
62002013
62002014
62002015
62002016
62002017
65001012
65001016
66001005
66001006
66002026
66002027
66003015
66003016
66004009
66004010
66005011
66005012
66005013
66005014
66007005
66007006
66007007
66007008
66008010
66008011
66011016
66011017
66013013
66013014
66014009
66014010
66014019
66014020
66016007
66016008
66016009
66017006
66018013
66018014
66018015
66018016
66018020
66019003
66019004
66019005
66020002
66020003
66020005
66020006
66020014
66020015
66021005
66021012
66021013
66021020
