40011011
40017020
40021043
40022045
41007008
41011029
41011030
41012037
42007028
42020018
42020044
43004007
43004008
43009013
43009014
43010014
43010015
43012016
43012039
43012041
44001001
44001002
44007049
44007050
44015024
44015025
44015026
44015027
44015028
44015029
44023026
44023027
44023028
44023029
44023030
44028028
45001006
45001007
45002015
45002016
45008020
45008021
45009011
45009012
45009027
45009028
45009029
45010019
45010020
45010021
45014012
45015010
45015011
45015012
46001001
46001002
46002010
46011001
46015051
46015052
47009010
47009011
47009012
47009013
47009014
47009015
56001001
56001002
58001005
58001006
58001007
58001008
58001010
58001013
58001014
58002009
58002013
58003016
58003017
58003018
58003019
58004004
58004005
58004006
58004007
58004008
58004009
58004010
58004011
58005006
58005007
58005008
58005009
58005010
58007018
58007019
58007022
58007023
58007024
58007025
58008013
58010008
58010009
58010010
58010018
58010039
58012007
58012008
58012009
58012010
58012011
60002008
60005006
60005007
66007011
66007012
66011016
66011017
