40005015
40005024
40006018
40006023
40007004
40007005
40007029
40010004
40010031
40011013
40011019
40013032
40015006
40015014
40017023
40021002
40021025
40021043
40022038
40022042
40023015
40027010
41002022
41002026
41003010
41004038
41005008
41005028
41006018
41006019
41006020
41006041
41006044
41006050
41007019
41007022
41007026
41007034
41009006
41009013
41009031
41009034
41009048
41010015
41010030
41015010
41015018
41015025
41015043
42001002
42001003
42001042
42001055
42001073
42001075
42002007
42002026
42004015
42004026
42005009
42005010
42005038
42006042
42007034
42008002
42008029
42008039
42011051
42012036
42014035
42016021
42018030
42019030
42019042
42019044
42020002
42020043
42021022
42021035
42022030
42023014
42023045
42023051
42024007
43001007
43001025
43003015
43004002
43004003
43004008
43006003
43006038
43007003
43009014
43010002
43010018
43010023
43011006
43011010
43011013
43013004
43014031
43016024
43017008
44001022
44001025
44002020
44002027
44002035
44003002
44003008
44003010
44004009
44004035
44007010
44007050
44008002
44010046
44013033
44013039
44014010
44018020
44018021
44020012
44020027
44021036
44023013
44024019
44025003
44026018
45001004
45001007
45002006
45003026
45004024
45006002
45007003
45007023
45007025
45008021
45009003
45009012
45009013
46001002
46001011
46001015
46001023
46005013
46007026
46008006
46009004
46010026
46012005
46014025
46015022
46015052
47001011
47001020
47004018
47006005
47009002
47012004
47013002
48001002
48001016
48001017
48002002
48004002
48004025
48005020
49001005
49001010
49001016
49005026
49005030
51001002
51003010
51004008
52002012
52002020
52003002
53002002
54001002
54001010
54001019
55001002
56002005
57001005
57001010
58003008
58006005
58006006
58008002
58011018
59001007
59001008
59001011
59002003
59002016
59003008
59005003
60001002
60001009
60001011
60001016
60001019
60002003
60002014
60003002
60003004
60005007
61001014
61001018
61001021
61003006
61003013
62005008
65001015
66002028
66007006
66007007
66007008
66008004
66014010
66014020
66018016
