40002023
40012050
40014021
40015039
40017023
40023003
40023039
40024048
40026018
40027005
40027017
40027063
41002011
41004003
41004035
41006052
41009010
41009037
41010048
41012014
41013033
42004043
42007017
42007050
42011004
42012012
42013009
42018008
43003028
43004030
43006047
43006048
43006065
43006067
43008030
43009005
43009010
43009021
43011006
43012005
43014019
43017004
43017009
43020030
44015015
44016038
44020026
44021013
44026026
45008039
45009018
45010004
46001008
46013005
46014019
46014024
47009004
49006003
50004013
55003015
58007009
