40005035
40006004
40007018
40009021
40014004
40015037
40015039
40023030
41001024
41003024
41005008
41006018
41014067
41015043
42001040
42001074
42002035
42003002
42022064
42023051
43003024
43004006
43004008
43011002
43019040
44001022
44002011
44004022
44008002
44008028
44020006
45002029
46005004
46005013
46006008
46010029
46015052
47001014
47001016
47003003
47003008
48004025
49005012
49005029
50001005
52003002
58007010
58007014
58007021
58011018
60002003
60003020
61001014
61001018
66001005
66002027
