40006017
40006018
40008005
40008006
40011011
40022037
40022038
40022045
40023027
40023028
41002006
41002007
41002010
41002011
41003009
41003010
41004002
41004003
41005027
41005028
41006049
41006050
41007003
41007004
41007018
41007019
41007022
41007023
41007025
41007026
41010029
41010030
41012037
42001003
42001004
42001014
42001015
42001047
42001048
42001073
42001074
42001075
42001078
42001079
42002030
42002031
42004006
42004007
42004009
42004010
42006014
42006015
42008041
42008042
42010010
42010011
42011005
42011006
42011050
42011051
42011053
42011054
42012011
42012012
42012029
42012030
42012043
42012044
42012058
42012059
42013028
42013029
42014008
42014009
42016027
42016028
42017007
42017008
42018029
42018030
42018032
42018033
42018040
42018041
42019029
42019030
42021014
42021015
42022017
42022018
42023028
42023029
42023044
42023045
42024006
42024007
43001024
43001025
43003014
43003015
43004028
43004029
43005002
43005003
43006008
43006009
43012010
43012011
43012039
43012040
43012041
43017007
43017008
43017020
43017021
43017022
43017023
44001024
44001025
44002010
44002011
44013032
44013033
44017030
44017031
44018014
44018015
44019013
44019014
44020026
44020027
44023012
44023013
44025014
44025015
44026017
44026018
44026022
44026023
44027009
44027010
45001009
45001010
45003022
45003023
45003029
45003030
45004014
45004015
45004023
45004024
45008001
45008002
45008013
45008014
45008037
45008038
45008039
45009011
45009012
45009013
45009027
45009028
45009029
45009032
45009033
45010006
45010007
45010019
45010020
45010021
45011020
45011021
45013003
45013004
45014012
45015005
45015006
45015008
45015009
45015010
45015011
45015012
45015015
45015016
45015018
45015019
45015023
45015024
45016017
45016018
46001004
46001005
46001014
46001015
46001016
46001017
46001028
46001029
46002002
46002003
46002010
46003008
46003009
46003012
46003013
46003018
46003019
46003021
46003022
46004003
46004004
46005004
46005005
46005012
46005013
46006019
46006020
46009009
46009010
46009026
46009027
46010025
46010026
46010028
46010029
46011018
46011019
46012024
46012025
46014032
46014033
46015008
46015009
46015052
46015053
46016008
46016009
46016015
46016016
47001013
47001014
47002010
47002011
47004013
47004014
47005006
47005007
47006017
47008013
47008014
47009010
47009011
48001015
48001016
48003026
48003027
48004004
48004005
49001005
49001006
49001011
49001012
49001015
49001016
49001019
49001020
49002011
49002012
49003008
49003009
49003010
49003011
49003014
49003015
49003016
49003017
49003020
49003021
49004023
49004024
49004026
49004027
49005011
49005012
49005013
49005014
49005025
49005026
49006007
49006008
50002010
50002011
50002014
50002015
50002029
50002030
52001002
52001003
52003002
52003003
52004011
52004012
52005016
52005017
53002011
53002012
53002016
53002017
54002003
54002004
54003014
54003015
54004004
54004005
54006003
54006004
55002025
55002026
55004009
55004010
56001013
56001014
57001001
57001002
57001015
57001016
58001006
58001007
58001008
58001010
58001013
58001014
58002002
58002003
58002013
58002014
58002015
58003016
58003017
58003018
58003019
58004004
58004005
58004008
58004009
58004010
58004011
58005006
58007001
58007002
58007003
58007009
58007010
58007018
58007019
58008013
58009027
58009028
58010008
58010009
58010010
58010013
58010014
58010017
58010018
58010026
58010027
58010039
58011017
58011018
58011039
58011040
58012028
58012029
58013020
58013021
59001007
59001008
59001019
59001020
59002015
59002016
60001015
60001016
60001018
60001019
60002002
60002003
60002007
60002008
61001013
61001014
61003001
61003002
63001010
63001011
64001005
64001006
65001024
65001025
66002024
66002025
66009013
66009014
66010005
66010006
66014009
66014010
66018011
66018012
