01002004
01002005
01002006
01011010
01011011
01011012
01011013
01011014
01011015
01011016
01011017
01011018
01011019
01011020
01011021
01011022
01011023
01011024
01011025
01011026
01012014
01012015
01012016
01012017
01012018
01012019
01012020
01013001
01013002
01013003
01013004
01013007
01014017
01015007
01015008
01015009
01015010
01015011
01019022
01021022
01021023
01021024
01021025
01021026
01021027
01021028
01021029
01021030
01021031
01021032
01021033
01021034
01022020
01022021
01022022
01022023
01022024
01025001
01025002
01025003
01025004
01025005
01025006
01025007
01025008
01025009
01025010
01025011
01025012
01025013
01025014
01025015
01025016
01025017
01025018
01026007
01026008
01026009
01026010
01026011
01026012
01026013
01026014
01026015
01026016
01026017
01026018
01026019
01026020
01026021
01026022
01026023
01026024
01026025
01026026
01026027
01026028
01026029
01026030
01026031
01026032
01026033
01026034
01026035
01030025
01030026
01030027
01030028
01030029
01030030
01030031
01030032
01030033
01030034
01030035
01030036
01030037
01030038
01030039
01030040
01030041
01030042
01030043
01035001
01035002
01035003
01035004
01035005
01035006
01035007
01035008
01035021
01042011
01042012
01042013
01042014
01042015
01042016
01042017
01042018
01042019
01042020
01042024
01042025
01042026
01042027
01042028
01042029
01042030
01042031
01042032
01042033
01042034
01042035
01042036
01042037
01042038
01045001
01045002
01045003
01045012
01045013
01045014
01045015
01045016
01045017
01045018
01045019
01045020
01045021
01045022
01045023
01045024
01046008
01046009
01046010
01046011
01046012
01046013
01046014
01046015
01046016
01046017
01046018
01046019
01046020
01046021
01046022
01046023
01046024
01046025
01049032
02001015
02001016
02001017
02001018
02001019
02001020
02001021
02002016
02002017
02002018
02002019
02002020
02002021
02002022
02002023
02002024
02002025
02003016
02003017
02003018
02003019
02003020
02003021
02003022
02012009
02012010
02012018
02012019
02012020
02012034
02012035
02012036
02012041
02012042
02012048
02012049
02012050
02012051
02013003
02013004
02013005
02013006
02013007
02013008
02013009
02013010
02013017
02013018
02013019
02013022
02014001
02014002
02014003
02014004
02014029
02014030
02016006
02016007
02016008
02016009
02016010
02016032
02016033
02016034
02016036
02017014
02017015
02017016
02018002
02018003
02018004
02018012
02019001
02019021
02019022
02019023
02019024
02019025
02020018
02020019
02020020
02020021
02020022
02020023
02020024
02020025
02020026
02021001
02021002
02021003
02021004
02021005
02021006
02021007
02021008
02021009
02021010
02021011
02021018
02021019
02021020
02021021
02021022
02021023
02021024
02021025
02021026
02021027
02021028
02021029
02021030
02021031
02021032
02021033
02021034
02021035
02021036
02022001
02022002
02022003
02022004
02022005
02022006
02022007
02022008
02022009
02022010
02022011
02022012
02022013
02022014
02022015
02022028
02022029
02022030
02022031
02023003
02023004
02023005
02023006
02023007
02023008
02023009
02023010
02023011
02023012
02023013
02023014
02023015
02023016
02023017
02023018
02023019
02023020
02023021
02023022
02023023
02023024
02023025
02023026
02023027
02023028
02023029
02023030
02023031
02023032
02023033
02024001
02024002
02024009
02024010
02024011
02025001
02025002
02025003
02025004
02025005
02025006
02025007
02025023
02025024
02025025
02025026
02025027
02025028
02025029
02025030
02025031
02025032
02025033
02025034
02025035
02025036
02025037
02025038
02025039
02025040
02028004
02028005
02028006
02028007
02028008
02028009
02028010
02028011
02028012
02028013
02028014
02028015
02028016
02028017
02028018
02028019
02028020
02028021
02028022
02028023
02028024
02028025
02028026
02028027
02028028
02028029
02028030
02028031
02028032
02028033
02028034
02028035
02028036
02028037
02028038
02028039
02028040
02028041
02028042
02028043
02031012
02031013
02031014
02031015
02031016
02031017
02031018
02032017
02032018
02034003
02034011
02034012
02034013
02034014
02034015
02034016
02034017
02034018
02034019
02034020
02034021
02034022
02034023
02034024
02034025
02034026
02034027
03001010
03001011
03001012
03001013
03001014
03001015
03001016
03001017
03003006
03003007
03003008
03003009
03003010
03003011
03003012
03003013
03003014
03003015
03003016
03003017
03013004
03013005
03013006
03013007
03013008
03013009
03013010
03013011
03013012
03013013
03013014
03013015
03013016
03013017
03013018
03013019
03013020
03013021
03013022
03013023
03013024
03013025
03013026
03013027
03013028
03013029
03013030
03013031
03013032
03013033
03013034
03013035
03013036
03013037
03013038
03013039
03013040
03013041
03013042
03013043
03013044
03013047
03013048
03013049
03013050
03013051
03013052
03013053
03013054
03013055
03013056
03013057
03013058
03013059
03017001
03017002
03017003
03017004
03017005
03017006
03017007
03017008
03017009
03017012
03017013
03017014
03017015
03017016
03018007
03018008
03018009
03018010
03018011
03018012
03018013
03018014
03018015
03018016
03018017
03018018
03018025
03018026
03018027
03018028
03018029
03018030
03019003
03019004
03019005
03019006
03019007
03019008
03019009
03019010
03019011
03019012
03019013
03019014
03019015
03019016
03019019
03019020
03019021
03019022
03019023
03019024
03019025
03019026
03019027
03019028
03019029
03019030
03019031
03019032
03019033
03019034
03019035
03019036
03019037
03020001
03020002
03020003
03020004
03020005
03020007
03020008
03020009
03020010
03020011
03020012
03020013
03020014
03020015
03020016
03020017
03020018
03020019
03020020
03020021
03020022
03020023
03020024
03020025
03020026
03020027
03024001
03024002
03024003
03024004
03024005
03024006
03024007
03024008
03024009
03024010
03024011
03024012
03024013
03024014
03024015
03024016
03024017
03024018
03024023
04006001
04006002
04006003
04006004
04006005
04006006
04006007
04006008
04006009
04006010
04006011
04006012
04006013
04006014
04006015
04006016
04006017
04006018
04006019
04006020
04006021
04013004
04013005
04013006
04013007
04013008
04013009
04013010
04013011
04013012
04013013
04013014
04013015
04013016
04013022
04013023
04013024
04014011
04014012
04014013
04014014
04014015
04014016
04014017
04014018
04014019
04014020
04014021
04014022
04014023
04014024
04014025
04014036
04014037
04014038
04014039
04014040
04014041
04014042
04014043
04014044
04014045
04020014
04020015
04020016
04020017
04020018
04020019
04020020
04020021
04020022
04021001
04021002
04021003
04021014
04021015
04021016
04021017
04021018
04021019
04021020
04021026
04021027
04021028
04021029
04021030
04022015
04022016
04022017
04022018
04022019
04022020
04022036
04022037
04022038
04022039
04022040
04022041
04023001
04023002
04023003
04023004
04023005
04023006
04023007
04023008
04023009
04023010
04023011
04023012
04023013
04023014
04023015
04023016
04023017
04023025
04023026
04023027
04023028
04023029
04023030
04024001
04024002
04024003
04024004
04024005
04024006
04024007
04024008
04024009
04024010
04024011
04024012
04024013
04024014
04024015
04024016
04024020
04024021
04024022
04024023
04024024
04024025
04025014
04025015
04025016
04025017
04025018
04027001
04027002
04027003
04027004
04027005
04027006
04027007
04027008
04027009
04027010
04027011
04027012
04027013
04027014
04027015
04027016
04027017
04033001
04033002
04033003
04033004
04033005
04033006
04033007
04033008
04033009
04033010
04033011
04033012
04033013
04033014
04033015
04033016
04033017
04033018
04033019
04033020
04033021
04033022
04033023
04033024
04033025
04033026
04033027
04033028
04033029
04033030
04033031
04033032
04033033
04033034
04033035
04033036
04033037
04033038
04033039
04033040
04033041
04033042
04033043
04033044
04033045
04033046
04033047
04033048
04033049
04035001
04035002
04035003
04035004
04035005
04035006
04035007
04035008
04035013
04035014
04035015
04035016
04035017
04035018
04035019
04035020
04035021
04035022
04035023
04035024
04035025
04035026
04035027
04035028
04035029
04035030
04035031
04035032
04035033
04035034
05004003
05004004
05004005
05004009
05004010
05004011
05004012
05004013
05004014
05004015
05004016
05004017
05004018
05004019
05004020
05004021
05004022
05004023
05004024
05004025
05004026
05004027
05004028
05004029
05004030
05004031
05004035
05004036
05004037
05004038
05004041
05004042
05004043
05004044
05004045
05004046
05004047
05004048
05004049
05006001
05006002
05006003
05006008
05006009
05006010
05006011
05006012
05006013
05006014
05006015
05006016
05006017
05006018
05006019
05006020
05006021
05006022
05006023
05006024
05006025
05007012
05007013
05007014
05007015
05007016
05007017
05007018
05007019
05007020
05007021
05007022
05007023
05007024
05007025
05007026
05008001
05008004
05008005
05008006
05008007
05008008
05008009
05008010
05008011
05008019
05008020
05011001
05011002
05011003
05011004
05011005
05011006
05011007
05011008
05011009
05011010
05011011
05011012
05011013
05011014
05011015
05011016
05011017
05011020
05011021
05011022
05011023
05011024
05011025
05011029
05011030
05011031
05017001
05017002
05017003
05017004
05017005
05017006
05017007
05017008
05017009
05017010
05017011
05017012
05017013
05018001
05018002
05018003
05018004
05018005
05018006
05018007
05018008
05031001
05031002
05031003
05031004
05031005
05031006
05031009
05031010
05031011
05031012
05031013
05031014
05031015
05031016
05031017
05031018
05031019
05031020
05031021
05031022
05031023
05031024
05031025
05031026
05031027
05031028
05031029
05031030
05034006
05034007
05034008
05034010
05034011
05034012
06001009
06001010
06001011
06001012
06001013
06001014
06001015
06001016
06001017
06001018
06005001
06005002
06005003
06005004
06005005
06005006
06005007
06005008
06005009
06005013
06005014
06005015
06024004
06024005
06024006
06024007
06024008
06024009
06024010
06024011
06024012
06024019
06024020
06024021
06024022
06024023
06024024
06024025
06024026
06024027
06024028
06024029
06024030
06024031
06024032
06024033
07002001
07002002
07002003
07002004
07002005
07002006
07002020
07002021
07002022
07002023
09002012
09002013
09002014
09002015
09002016
09002017
09002018
09002019
09002020
09002021
09002022
09002023
09002024
09002025
09002026
09002027
09002028
09002029
09002030
09002031
09002032
09002033
09002034
09002035
09002036
09009004
09009005
09009006
09009007
09009008
09009009
09009010
09009011
09009012
09009013
09009014
09009017
09009018
09009019
09009020
09009021
09009022
09009023
09009024
09009025
09009026
09009027
09010003
09010004
09010025
09010026
09010027
09011001
09011002
09011003
09011004
09011005
09011006
09011007
09011008
09011009
09011010
09011011
09011012
09011013
09013001
09013002
09013003
09013004
09013005
09013006
09013007
09013008
09013009
09013010
09013011
09013012
09013015
09013016
09013017
09013018
09013019
09013020
09013021
09013022
09013023
09015005
09015006
09015024
09015025
09015026
09015030
09015031
09015032
09015033
09016008
09016009
09016015
09016016
09016017
09016018
09016019
09016020
09016021
09016022
09016023
09018001
09018002
09018003
09018004
09018010
09018011
09018012
09018013
09018014
09018015
09018016
09018017
09018018
09018019
09018020
09018021
09018022
09018023
09018024
09018025
09018026
09018027
09018028
09018029
09018030
09021007
09021008
09021009
09021010
09021011
09021012
09021013
09021014
09021015
09031006
09031007
09031008
09031009
09031010
09031011
09031012
09031013
10005005
10005006
10005007
10005008
10005009
10005010
10005011
10005012
10005013
10005014
10005015
10005016
10005017
10005018
10005019
10005020
10005021
10005022
10005023
10005024
10005025
10007006
10007007
10007018
10007019
10007020
10007021
10007022
10007023
10007024
10007025
10007026
10007027
10007028
10007029
10011018
10011019
10011020
10011021
10011022
10011023
10011024
10011025
10012026
10012027
10012028
10012029
10012030
10012031
11002001
11002002
11002003
11002004
11002005
11002006
11002007
11002008
11002009
11002013
11002014
11002015
11002016
11002017
11002018
11002019
11002020
11002021
11002022
11002023
11002024
11002025
11002026
11002027
11002028
11002029
11002030
11002031
11002032
11002033
11002034
11002035
11002036
11002037
11002038
11002039
11002040
11002041
11002042
11002043
11002044
11002045
11002046
11003001
11003002
11003006
11003015
11004001
11004002
11004003
11004004
11004005
11004006
11004007
11004008
11004009
11004010
11004011
11004012
11004013
11004014
11004015
11004016
11004017
11004018
11004019
11004022
11004023
11004024
11004026
11004027
11004028
11004029
11004030
11004031
11004032
11004033
11004034
11005007
11005008
11005009
11005010
11005011
11005012
11005013
11005014
11005015
11005016
11005017
11005018
11006002
11006003
11006004
11006005
11006006
11006008
11006009
11006010
11006015
11006016
11006017
11006018
11006019
11006020
11006021
11006022
11006023
11006024
11006025
11006026
11006027
11006028
11006029
11006030
11006031
11006032
11006033
11006034
11006035
11006036
11006037
11006038
11008002
11008007
11008008
11008009
11008012
11008013
11008014
11008015
11008016
11008017
11008018
11008019
11008020
11008021
11008024
11008025
11008026
11008031
11008032
11008033
11008034
11008035
11008036
11008037
11008038
11008039
11008040
11008044
11008045
11008046
11008047
11008048
11008049
11008050
11008051
11008052
11008053
11008054
11008055
11008056
11008057
11008058
11008059
11008060
11008061
11008062
11008063
11008064
11008065
11008066
11010010
11010011
11010012
11010013
11010014
11010015
11010016
11010017
11010018
11010019
11010020
11010021
11010022
11010023
11010024
11010025
11010026
11010027
11010028
11010029
11011006
11011014
11011015
11011016
11011017
11011018
11011019
11011020
11011021
11011022
11011023
11011024
11011025
11011034
11011036
11011037
11011038
11011039
11011041
11012021
11012022
11012023
11012024
11012032
11012033
11016001
11016002
11016003
11016004
11016005
11016006
11016007
11016008
11016009
11016010
11016011
11016012
11016013
11016014
11016015
11016016
11016017
11016018
11016019
11016020
11016021
11016022
11016023
11016024
11016025
11016026
11016027
11016028
11016029
11016034
11017002
11017003
11017004
11017005
11017006
11017007
11018003
11018004
11018005
11018006
11018007
11018008
11018009
11018010
11018011
11018012
11018013
11018014
11018015
11018016
12002019
12002020
12002021
12002022
12002023
12002024
12002025
12004001
12004002
12004003
12004004
12004005
12004006
12004007
12004012
12004013
12004018
12004019
12004020
12004021
12004022
12004023
12004024
12004025
12004026
12004027
12004028
12004029
12004030
12004031
12004032
12004033
12004034
12004035
12004036
12004037
12004038
12004039
12004040
12004041
12005004
12005005
12005006
12005007
12005008
12005020
12005021
12005022
12005023
12005024
12005025
12005026
12005027
12017001
12017002
12017003
12017004
12017011
12017012
12017013
12017014
12017015
12017016
12017017
12017018
12017019
12017020
12017021
12017022
12017023
12017030
12017031
12017032
12017033
12017034
12017035
12017036
12017037
12017038
12017039
12017040
12017041
12018009
12018010
12018011
12018012
12018013
12018014
12018015
12018016
12018017
12018018
12018019
12018020
12018021
12018022
12018023
12018024
12018025
12018026
12018027
12018028
12018029
12018030
12018031
12018032
12018033
12018034
12018035
12018036
12018037
12021007
12021008
12021009
12021017
12021025
12021026
12022003
12022004
12022005
12022006
12022007
12022008
12022009
12022010
12022014
12022015
12023005
12023006
12023007
12023008
12023009
12023010
12023011
12023012
12023013
12023014
12023015
12023016
12023017
12023018
12023019
12023020
12023021
12023022
12023023
12023024
12023025
12023026
12023027
12023028
12023029
12023030
12023031
12023032
12023033
12023034
12023035
12023036
12023037
14036001
14036002
14036003
14036004
14036005
14036006
14036007
14036008
14036009
14036010
14036011
14036012
14036013
15003004
15003005
15003006
15003009
15003010
15003011
15003012
15003013
15006001
15006002
15006003
15006004
15006005
15006006
15006007
15006008
15006009
15006010
15006011
15006012
15006013
15006014
15006015
15006017
15006018
15006019
15006020
15006021
15006022
16008004
16008007
16008011
16008012
16008013
16008014
16008015
16008016
16008017
16008018
18003014
18003015
18003016
18003017
18003018
18003019
18003020
18003021
18003022
18003023
18003024
18003025
18003026
18004009
18004010
18004011
18004012
18004013
18004014
18004015
18004016
18004017
18004018
18004019
18004020
18004021
18038009
18038010
18038011
18038012
18038013
18038014
18038015
18038016
18038017
18038018
18038019
18038020
18038021
18038022
18038023
18038024
18038025
18038026
18038027
18038028
18038029
18038030
18038031
18038032
18038033
18038034
18038035
18038036
18038037
18038038
18038039
18038040
18038041
18040006
18040007
18040008
18040009
18040010
18040011
18040012
18040013
18040014
18040015
18040016
18040017
18040018
18040019
18040020
18040021
18040022
18040023
18040024
19119001
19119002
19119003
19119004
19119005
19119006
19119007
19119008
19119017
19119018
19119019
19119020
19119021
19119022
19119023
19119024
19119025
19119026
19119027
19119028
19119029
19119030
19119031
19119032
19119033
19119034
19119035
19119036
19119037
19119038
19119039
19119040
19119041
19119042
19119043
19119044
19119045
19119046
19119047
19119048
19119049
19119050
19119051
19119052
19119053
19119054
19119055
19119056
19119057
19119058
19119059
19119060
19119061
19119062
19119063
19119064
19119065
19119066
19119067
19119068
19119069
19119070
19119071
19119072
19119073
19119074
19119075
19119076
19119077
19119078
19119079
19119080
19119081
19119082
19119083
19119084
19119085
19119086
19119087
19119088
19119089
19119090
19119091
19119092
19119093
19119094
19119095
19119096
19119097
19119098
19119099
19119100
19119101
19119102
19119103
19119104
19119105
19119106
19119107
19119108
19119109
19119110
19119111
19119112
19119113
19119114
19119115
19119116
19119117
19119118
19119119
19119120
19119121
19119122
19119123
19119124
19119125
19119126
19119127
19119128
19119129
19119130
19119131
19119132
19119133
19119134
19119135
19119136
19119137
19119138
19119139
19119140
19119141
19119142
19119143
19119144
19119145
19119146
19119147
19119148
19119149
19119150
19119151
19119152
19119153
19119154
19119155
19119156
19119157
19119158
19119159
19119160
19119161
19119162
19119163
19119164
19119165
19119166
19119167
19119168
19119169
19119170
19119171
19119172
19119173
19119174
19119175
19119176
20001001
20001002
20001003
20001004
20001005
20001006
20001010
20001011
20001012
20001013
20001014
20001015
20001016
20001017
20001018
20001019
20001020
20001021
20001022
20001023
20001024
20001025
20001026
20001027
20001028
20001029
20001030
20001031
20001032
20001033
20005001
20005002
20005003
20005004
20005005
20005006
20005007
20005010
20005011
20005012
20005013
20005014
20005015
20005016
20005017
20005018
20005019
20005020
20006001
20006002
20006003
20006004
20006005
20006006
20006007
20006008
20006009
20006010
20006011
20006012
20006013
20006014
20006015
20006016
20006017
20006018
20006019
20006026
20006027
20006028
20006029
20006030
20006031
20006032
20006033
20006034
20006035
20008001
20008002
20008003
20008004
20008005
20008006
20008007
20008008
20008009
20008010
20008011
20008012
20008013
20008014
20008015
20008016
20008017
20008018
20008019
20008020
20008021
20008032
20008033
20008034
20008035
20008036
20009007
20009008
20009009
20009010
20009011
20009012
20009013
20009014
20009015
20009016
20009017
20009018
20013002
20013003
20013005
20013006
20013007
20013008
20013009
20013010
20013011
20013012
20013013
20013014
20013015
20013016
20013017
20013018
20013019
20013020
20013021
20013022
20013023
20013025
20017001
20017002
20017003
20017004
20017005
20017006
20017007
20017008
20017009
20017010
20017011
20017012
20017013
20017014
20017015
20017016
20017017
20017018
20017019
20017020
20017022
20017023
20017024
20017025
20017026
20017027
20017028
20020001
20020002
20020003
20020005
20020006
20020007
20020008
20020009
20020010
20020011
20020012
20020013
20020014
20020015
20020016
20020017
20020018
20020019
20020020
20020021
20020022
20020023
20020024
20020025
20020026
20020027
20020028
20020029
20020030
20022001
20022002
20022003
20022004
20022005
20022007
20022008
20022009
20022010
20022011
20022012
20022013
20022014
20022015
20022016
20022017
20022018
20022019
20022020
20022021
20022022
20022023
20022024
20022025
20022026
20022027
20022028
20022029
20023001
20023002
20023003
20023004
20023005
20023006
20023007
20023008
20023009
20023010
20023011
20023012
20023015
20023016
20023017
20023018
20023019
20023020
20023021
20023022
20023023
20023024
20023025
20023026
20023027
20023028
20023029
20023030
20023031
20023032
20023033
20023034
20023035
20024001
20024002
20024003
20024004
20024005
20024006
20024007
20024008
20024009
20024010
20024011
20024012
20024013
20024014
20024015
20024016
20024017
20024018
20024019
20024020
20024021
20024022
20024023
20024024
20024025
20024026
20024027
20024028
20024029
20026001
20026002
20026003
20026004
20026005
20026006
20026007
20026008
20026009
20026010
20026011
20026012
20026014
20026016
20026017
20026018
20026019
20026020
20026021
20026022
20026023
20026024
20026025
20026026
20026027
20026028
20029001
20029002
20029004
20029005
20029006
20029007
20029008
20029009
20029010
20029011
20029012
20029013
20029014
20029016
20029018
20029019
20029020
20029021
20029022
20029023
20029024
20029025
20029026
20029027
20031001
20031002
20031003
20031004
20031005
20031006
20031007
20031008
20031009
20031014
20031015
20031016
20031017
20031018
20031021
20031022
20031023
20031024
20031025
20031026
20031027
20031028
20031029
21003009
21003010
21003011
21003012
21003013
21003014
21003015
21003016
21003017
21003018
21003019
21003020
21003021
21003022
21004001
21004002
21004003
21004004
21004005
21004006
21004007
21004008
21004013
21004014
21004015
21004016
21005001
21005002
21005003
21005004
21005005
21005006
21005007
21005008
21005009
21005016
21005017
21005018
21005019
21005020
21007001
21007002
21007003
21007004
21007005
21007006
21007007
21007008
21007009
21007010
21007011
21007012
21007013
21007014
21007021
21007022
21007023
21007024
21007025
21007026
21007027
21007028
21007029
21008001
21008002
21008003
21008004
21008005
21008006
21008007
21008008
21008009
21008010
21008011
21008012
21008013
21008014
21008015
21011001
21011002
21011003
21011004
21011005
21011006
21011007
21011008
23002006
23002007
23002008
23002009
23002010
23002011
23002012
23002013
23002014
23002015
23002016
23002017
23002018
23002019
23002020
23002021
23002022
23005008
23005009
23005010
23005011
23005012
23005013
23005014
23005015
23005016
23005017
23005018
23005019
23005020
23005021
23005022
23005023
23005024
23005025
23005026
23005027
23005028
23005029
23005030
23006009
23006010
23006011
23006012
23006013
23007001
23007002
23007003
23007004
23007005
23007006
23007007
23007008
23007009
23007015
23007016
23007017
23007018
23007019
23007020
23007021
23007022
23007023
23007024
23007025
23009004
23009005
23009008
23009009
23009010
23009011
23009012
23009013
23009014
23009015
23009016
23009017
23009018
23009019
23009020
23009021
23011011
23011012
23011013
23011014
23011015
23011016
23040006
23040007
23040008
23040012
23040013
23040014
23040015
23040016
23040017
23040018
23040019
23040020
23040021
23040022
23040023
23040024
23040025
23040026
23040027
23040028
23040029
23040030
23040031
23042005
23042008
23042009
23042010
23042011
23042012
23042013
23042014
23042015
23042016
23042017
23042018
23042019
23042020
23042021
23042022
23042023
23042024
23042025
23049001
23049002
23049004
23049007
23049008
23049009
23049010
23049011
23049012
23049013
23049016
23049017
23049018
23049019
23049020
23049021
23049022
23049023
23049024
23049025
23049026
23050001
23050002
23050003
23050010
23050011
23052001
23052002
23052003
23052004
23052005
23052006
23052011
23052012
23054001
23054002
23054003
23054004
23054011
23054012
23054013
23054014
23054015
23054016
23054017
23055004
23055005
23055012
23055013
23056002
23056003
23056004
23056005
23056008
23056009
23056010
23056011
23056012
23058001
23058002
23058003
23058004
23058005
23058006
23058011
23058012
23058013
23058014
23061004
23061005
23061007
23064001
23064002
23064003
23064010
23064011
23064012
24001001
24001002
24001003
24001011
24001012
24001013
24001014
24001015
24001016
24006001
24006002
24006003
24006004
24006005
24006006
24006007
24006008
24006009
24006010
24006011
24006012
24006015
24006016
24006017
24006018
24006019
24006020
24006021
24006022
24006023
24006024
24006025
24006026
24006027
24006028
24006029
24006030
24017001
24017002
24017003
24017004
24017011
24017012
24017013
24017014
24017015
24017016
24017017
24017018
24017019
24017020
24017021
24017022
24017023
24017024
24017025
24017026
24017027
24020001
24020002
24020003
24020004
24020006
24020014
24020015
24020016
24020017
24020018
24023007
24023008
24023009
24023010
24023011
24023012
24023013
24023014
24023015
24023016
24023017
24023018
24023019
24023020
24023021
24023022
24023023
24023024
24023025
24023026
24023027
24023028
24023029
24023030
24023031
24023032
24023033
24023034
24023035
24023036
24023037
24023038
24023039
24023040
24031001
24031002
24031003
24031004
24031005
24031006
24031010
24031011
24031012
24031013
24031014
24031015
24031016
24031017
24031018
24031019
24031020
24031021
24031022
24031023
24031024
24031025
24031026
24031027
24031028
24031029
24031030
24031035
24031036
24031037
24031038
24031039
24031040
24033001
24033002
24033003
24033004
24033005
24033006
24033007
24033008
24033009
24033010
24033011
24033012
24033013
24033017
24033018
24033019
24033020
24033021
24033022
24033023
24033024
24033025
24033026
24038001
24038002
24038003
24038007
24038008
24038009
24038010
24038011
24038012
24038013
24038014
24038015
24038016
24038017
24038018
24038019
24038020
24038021
24038022
24038023
24038024
24038025
24038026
24038027
24038028
25001008
25001009
25001010
25001011
25001012
25001013
25001014
25001015
25001016
25001017
25001018
25001019
25001020
25001021
25001022
25003001
25003002
25003003
25003004
25003005
25003006
25003007
25003008
25003009
25003010
25003011
25003012
25003013
25003014
25003015
25003016
25003017
25003018
25003034
25003035
25003036
25003037
25003038
25003039
25003040
25003041
25003042
25003043
25003044
25003045
25003046
25003047
25003048
25003049
25003050
25003051
25003052
25003053
25003054
25003055
25003056
25003057
25003058
25003059
25003060
25003061
25003062
25003063
25003064
25003065
25003066
26002006
26002007
26002008
26002009
26002010
26017001
26017002
26017003
26017004
26017005
26017006
26017007
26017008
26017009
26017010
26017011
26017012
26017013
26017014
26017015
26017016
26017017
26017018
26017019
26017020
26017021
26033001
26033002
26033003
26033004
26033005
26033006
26033010
26033011
26033012
26033013
26033014
26033015
26033016
26033017
26033018
26033019
26033020
26033021
26033022
26033023
26033024
26033025
26033026
26033027
26033028
26033029
26033030
26033031
26033032
26033033
26034001
26034002
26034003
26034004
26034005
26034006
26034007
26034008
26034009
26034010
26034013
26034014
26034018
26034019
26034020
26034021
26034022
26034023
26034024
26034025
26034026
26034027
26034028
26034029
26034030
26034031
26036001
26036002
26036003
26036004
26036005
26036006
26036007
26036008
26036009
26036010
26036011
26036012
26036013
26036014
26036015
26036028
26036029
26036030
26036031
26036032
26036033
26036034
26036035
26036036
26036037
26036038
26037015
26037016
26037017
26037018
26037019
26037020
26037021
26037022
26037023
26037024
26037025
26037026
26037027
26037028
27007001
27007002
27007003
27007004
27007005
27007006
27007007
27007008
27007009
27007010
27007011
27007012
27007015
27007016
27007017
27007018
27007019
27007020
27007021
27007022
27007023
27007024
27007025
27007026
27007027
27007028
27012004
27012005
27012006
27012007
27012008
27012009
27012010
27012011
27012012
27012013
28011003
28011004
28011005
28011006
28011007
28011008
28011009
28011010
28011011
28011012
30008001
30008002
30008003
30008008
30008009
30008011
30008012
30008013
30008014
33005006
33005007
33005008
33005009
33005010
33005011
33005012
33005013
33005014
33005015
38009001
38009002
38009003
38009004
38009005
38009006
38009007
38009008
38009011
38009012
38009013
38009014
38009015
38009016
38009017
38012001
38012002
38012003
38012004
38012005
38012006
38012007
38012008
38012009
38012012
38012013
38012014
38013002
38013003
38013004
38013005
38013006
38013007
38013008
38013009
