40004016
40011003
40024016
41001013
41003032
41005003
41005008
41005016
41005028
41006006
41006009
41006018
41006023
41007022
41007026
41007037
41008009
41008015
41009013
41010030
41014005
41014036
41015043
41016004
41016011
42001040
42001055
42001073
42002023
42002024
42002030
42002031
42002051
42004007
42004026
42007046
42008042
42009031
42011006
42012044
42013025
42020010
42023045
42023051
42024048
43007022
43007023
43010015
43021008
44001005
44001019
44001020
44010046
44013033
44013039
45001004
45002015
45007025
45009012
45009024
46005005
46005013
47012004
48001016
49001009
49003004
49006022
52005002
53002017
54004010
56002004
58005010
58006005
58006006
58007019
58013021
60001019
62003020
