40011011
40011024
40017020
40018010
40021043
40022045
40022046
40023013
40026032
41007015
41009001
41009043
41009045
41011025
41012037
41014028
41015025
41015026
41015027
42004011
42007028
42007033
42007034
42007035
42017035
42020018
42020044
42023016
42024001
42024002
42024003
42024004
42024005
42024006
42024007
42024008
42024009
42024010
42024011
43004007
43004008
43005005
43008001
43008002
43012037
43012038
43012039
43016001
43016002
43016003
43016004
43019001
43019002
43019003
44002032
44002036
44004012
44008001
44008036
44013034
44013035
44015033
44019040
44019041
44024008
44028028
45003001
45003002
45003003
45003004
45008037
45008038
45008039
45009016
45009017
45009018
45010009
45010010
45010019
45010020
45010021
45011036
45012021
45014012
45016023
46003020
46003021
46003022
46003023
46015033
46015034
46015056
46015057
47009010
47009011
51002001
51002002
51002003
51002004
51002005
51004001
54002007
55004001
55004002
55004003
55004004
55004005
56003008
58001013
58002013
58005006
58007018
58007019
58010031
58010039
62003001
62003002
62003003
66002028
66010007
66016007
66018017
66019003
