40010010
40011003
40027040
41001044
41007022
42001055
42001070
42001075
42002031
42002032
42006004
42008029
42020043
42020047
42022043
42022044
42024010
43004002
43004003
44001017
44001022
44005006
44008028
44014017
44015017
44015018
45001002
45008021
45009012
45015006
45015019
46005013
46015052
47001014
47011033
47012004
49001019
49005026
49005027
49006003
50001028
52003003
52004012
53001010
53002002
53002012
54005024
54005025
54006016
55003011
55003017
58006002
58011018
60001002
60003020
60005014
61001006
61001007
62003020
66002027
66004011
66012005
66018012
66018013
