02004018
02004019
02004020
02004021
02004022
02004023
02004024
02004025
02004026
02004027
02004028
02006002
02006003
02006004
02006005
02006006
02006007
02006008
02006009
02006010
02006011
02006012
02006013
02006014
02006015
02006016
02006017
02006018
02006019
02006020
02006021
02006022
02006023
02006024
02006025
02006026
02006027
02006028
02011002
02011003
02011004
02011005
02011006
02011007
02011008
02011009
02011010
02012018
02012019
02012020
02012042
02012043
02012044
02012045
02012046
02012047
02012048
02012049
02012050
02012051
02013001
02013002
02013003
02013004
02013005
02013006
02013007
02013008
02013009
02013010
02013011
02013012
02013013
02013014
02013015
02013016
02014001
02014002
02014003
02014004
02016036
02018001
02018002
02018003
02018004
02020022
02020023
02020024
02020025
02020026
02024009
02024010
02024011
02025003
02025004
02025005
02025006
02025007
02025025
02025033
02025034
02025035
02025036
02025038
02025039
02025040
02031001
02031002
02031003
02031004
02031005
02031006
02031007
02031009
02031010
02031011
02031012
02031013
02031014
02031015
02031016
02031017
02031018
02034008
02034009
02034010
02034011
02034012
02034013
02034014
02034015
02034016
02034017
02034018
02034019
02034020
02034021
02034022
02034023
02034024
02034025
02034026
02034027
02036004
02036005
02036006
02036007
02036008
02036009
02036010
02036011
02036012
02036013
02036014
02036015
02036016
02036017
02036018
02036019
02036020
02036021
02036022
02036023
02036024
02036025
02036026
02036027
02036028
02036029
02036030
02036031
02036032
02036033
02036034
02036035
02036036
02036037
02036038
02040001
02040002
02040003
02040004
02040005
02040006
02040007
02040008
02040009
02040010
02040011
02040012
02040013
02040014
02040015
04026005
04026006
04026007
04026008
04026009
04026010
04026011
04026012
04026013
04026014
04026015
04026016
04026017
04026018
04026019
04026020
04026021
04026022
04026023
04026024
04026025
04026026
04026027
04026028
04026029
04026030
04026031
04026032
04026033
04026034
04026035
04026036
04026037
04026038
04026039
04026040
04026041
04026042
04026043
04026044
04026045
04026046
04026047
04026048
04026049
04026050
04026052
04026053
04026054
04026055
04026056
04026057
04026058
04026059
04026060
04026061
04026062
04027001
04027002
04027003
04027004
04027005
04027006
04027007
04027008
04027009
04027010
04027011
04034013
04034014
04034015
04034016
04034017
04034018
04034019
04034020
04034021
04034022
04034023
04034024
04034025
04034026
04034027
04034028
04034029
23001021
23001022
23001023
23001024
23001025
23001026
23001027
23001028
23001029
23001030
23001031
