40002009
40002010
40013016
40013017
40014003
40014004
40019006
40022045
40026032
41001043
41001044
41008008
41008009
41009045
41009047
41010009
41012037
41014028
41015042
41015043
41016003
41016004
42001073
42001074
42002036
42002037
42004012
42012035
42012036
42020018
42020044
42023050
42023051
43004007
43004008
43012016
43012039
43012041
43012042
43012043
44001021
44001022
44002032
44002033
44004012
44008001
44008002
44008027
44008028
44013032
44013033
44013034
44013035
44013038
44013039
44015024
44015025
44015026
44015027
44015028
44015029
44017029
44017030
44017031
45008037
45009011
45009012
45010019
45010020
45010021
45011036
45014012
45015010
45015011
45015012
46003021
46003022
46005012
46005013
46015051
46015052
46015056
46015057
47001013
47001014
47001015
47001016
47006017
49002008
49002009
49004009
49004010
49006002
49006003
51001011
51001012
53002016
53002017
58002013
58005006
58009021
58009022
58010017
58010018
58010039
58012007
58012008
58012009
58013020
58013021
59001007
59001008
60002008
66002026
66002027
66002028
66005014
