40001003
40001004
40001005
40001007
40001008
40001009
40001010
40001011
40001013
40001014
40001015
40001016
40002010
40006023
40009021
41002026
41008009
41015043
41016004
42001074
42009031
42010002
42023051
43003024
43004008
43009014
43010015
44001022
44001025
44002031
44004035
44004037
44008028
44013039
45007025
46001002
46001003
46005004
46005013
46010004
47001014
47002016
47008014
47012004
48001002
48001003
48004002
49002008
49002009
50002016
51001002
51001004
52001003
52004012
53002017
54001002
55001002
60001002
62005008
66002027
66009018
66020003
