40003002
40004016
40005024
40006004
40008006
40010010
40011003
40012044
40013050
40021025
40022042
40023028
40024049
40024050
40026061
40027040
41001024
41001044
41002002
41002007
41002011
41004003
41004012
41004019
41004032
41005003
41006050
41006052
41007022
41009031
41009048
41010030
41011030
41012022
41013004
41013036
41014058
41015004
41015030
41015043
42001002
42001004
42001074
42001075
42001079
42002026
42002031
42009039
42011051
42011054
42012046
42017003
42018030
42020043
42024023
43001007
43001025
43001027
43003015
43004008
43004022
43005010
43005023
43005040
43005042
43006009
43009014
43010015
43012005
43012040
43013003
43013004
43016027
44001002
44001022
44001025
44002010
44002011
44002035
44003020
44004009
44004035
44005023
44007010
44007050
44008019
44009002
44009012
44013005
44013010
44013033
44014007
44014009
44015029
44017028
44020009
44021036
44022018
44024019
44026023
44027015
44027044
44028015
45001007
45001023
45003022
45003026
45004003
45007010
45007025
45008039
45009012
45009013
45009028
45011014
45015019
45016026
46001002
46001005
46003003
46005013
46006010
46007034
46009004
46014034
46016018
47001014
47001016
47006005
47010005
47012004
48001002
48001016
48004025
48004027
48004028
49001005
49001016
49001020
49002012
49002015
49002021
49002022
49003018
49006003
50001019
50002008
50002016
50003011
51001002
51001027
51002009
52003003
53002002
53002017
54001002
54001010
54001019
54003015
54004005
54006014
55001010
55002026
55003007
55003011
55004002
56001002
56001014
56002005
57001009
58003008
58004004
58004006
58004008
58006005
58007010
58007014
58007019
58007021
58009028
58010016
58010020
58011018
58011025
58011028
58012019
58012020
58012021
58013021
59001008
59002016
59003006
60001009
60001019
60002003
60003002
60004002
61002011
61002013
61003004
61003006
62003020
64001008
65001015
65001025
66001011
66002025
66004010
66007006
66007007
66007008
66013010
66014010
66019018
