01004004
01006003
01006004
01006012
01007009
01007012
01007013
01007022
01008004
01020018
01023018
01024030
01025006
01030024
01031015
01035015
01036007
01036008
01036041
01036042
01036043
01043022
02001021
02019013
02022003
02028037
02029041
03011005
03011006
03011011
03011027
03012008
03013025
03013052
03022020
04001018
04003034
04007013
04007014
04007015
04007016
04007017
04007018
04007019
04007020
04007021
04007022
04007023
04007024
04007025
04007026
04007027
04007028
04007029
04007030
04007031
04007032
04007033
04007034
04007035
04007036
04007037
04007038
04007039
04007040
04007041
04007042
04007043
04007044
04007045
04007046
04007047
04007048
04007049
04007050
04007051
04007052
04007053
04007054
04007055
04007056
04007057
04007058
04007059
04007060
04007061
04007062
04007063
04007064
04007065
04007066
04007067
04007068
04007069
04007070
04007071
04007072
04007073
04007074
04007075
04007076
04007077
04007078
04007079
04007080
04007081
04007082
04007083
04016038
04022003
04025003
04026020
04028021
04031023
04032004
04035021
04035027
05012021
05013010
05014013
05014014
05014015
05014016
05014017
05014018
05019003
05024004
05029021
05032022
06005005
06005006
06005007
06007005
07001023
07003002
07009024
07018018
07020023
07020040
07020041
09004015
09009010
09009011
09014014
09030010
10001016
10003010
10003032
10004007
10007011
10017029
11001006
11004023
11006025
11006026
11008042
11009007
11012002
11012027
12010003
12012006
12012015
12022019
12023009
12025017
12025021
13001002
13001003
13003007
13003008
13004018
13004022
13004035
13004036
13004037
13004038
13005002
13005003
13006073
13006075
13006079
13006081
13008004
13008005
13008007
13008010
13008013
13017006
13021010
13021012
13029027
14008008
14028006
14028017
14029005
14029013
14029014
14029024
14030019
14032007
14034013
14035027
15002065
15002067
15004002
16002012
16007067
16007069
16008015
16010029
16012029
16013005
17001011
17001014
17004005
17004013
17004016
17009027
18003003
18004002
18006002
18020005
18033016
19002006
19014006
19018006
19066014
19073022
19075006
19076010
19078024
19078027
19083008
19089052
20003026
20005013
20005016
20006031
20021026
20023030
20026019
21002025
21006011
21007017
21007020
21007028
21012014
22001011
23011005
23022010
23022011
23022018
23032016
23033019
23033022
23033023
23037009
23056005
23066008
24010012
24038009
24041005
24041018
24052027
26001002
26001003
26001016
26005002
26009006
26010015
26024026
26029005
26032023
26048002
26048003
26048004
26048005
26048006
26048007
26048022
26048024
26048025
26048026
26048027
27004021
27004030
27012012
30003010
30005008
30005009
37002009
38014007
38014014
38014015
40001023
40005012
40005024
40007014
40007029
40010036
40012004
40015006
40018034
40019005
40019012
40020012
40021026
40022036
40027010
41009031
41009047
41010030
41015010
42001003
42011006
42014030
42019030
42019042
42020043
42022064
42023045
42024007
42024010
43003015
43006024
43010015
43011052
43012005
43012011
43014017
43019037
44001025
44002035
44005023
44006014
44008003
44008007
44010035
44015021
44018010
44021028
45009012
45011008
45016025
51003003
58003008
58011018
59001003
59001024
62003020
64001007
