40001024
40001025
40003004
40003005
40003006
40004007
40004008
40004009
40004010
40004017
40006014
40006015
40011011
40011012
40011013
40011014
40011015
40011018
40011019
40013016
40013017
40021017
40021043
40022045
40022046
41007008
41012037
42001080
42004012
42004013
42007028
42007029
42007030
42007033
42007034
42007035
42020018
42020044
43012016
43012017
43012018
43012019
43012041
43012042
43012043
44001021
44001022
44001023
44001024
44001025
44001026
44002036
44004027
44004028
44004029
44004030
44004031
44007051
44007052
44007053
44010001
44010002
44010003
44010004
44010005
44010006
44010007
44010008
44013034
44013036
44013037
44013038
44013039
44013040
44015019
44015020
44015021
44017029
44017030
44017031
44028028
45010019
45010021
45011009
45011028
45011029
45011030
45011031
45011032
45011036
45015010
45015011
45015012
45015013
46015056
46015057
46015058
58001007
58001008
58001010
58001014
58002009
58002010
58002011
58002012
58002013
58003012
58003013
58003014
58003015
58003016
58003017
58003018
58003019
58004004
58004005
58004006
58004007
58004008
58004009
58004010
58004011
58004012
58004013
58005006
58007018
58007019
58007022
58008013
58010008
58010009
58010010
58010017
58010039
58012007
58012008
58012009
58012010
58012011
60002007
60002008
60004019
66005011
66005012
66005013
66005014
66018004
66018015
66019003
66019004
66019005
