01001007
01002012
01002020
01003019
01006010
01007016
01009013
01013002
01014002
01014003
01014004
01014005
01014006
01014007
01014008
01014009
01017012
01017025
01020018
01024030
01024038
01030026
01036016
01036030
01036041
01036042
01036043
01041057
01044031
02001002
02001021
02012045
02019002
02021019
02022003
02022004
02024017
02026021
02027015
02028018
02028019
02028020
02028034
02031004
02036024
02036032
02038026
02039025
02039026
02039028
02039029
03001008
03001009
03001013
03006005
03008021
03009017
03011005
03011006
03011014
03011015
03011016
03011017
03011018
03011019
03011030
03013048
03014055
03014056
03015006
03015022
03016013
03016019
03017009
03022005
03024011
03025015
03025037
03026035
03026037
04001017
04001021
04001022
04001023
04001024
04001025
04001026
04001027
04001028
04001029
04001030
04001031
04001032
04001033
04001034
04001035
04001036
04001037
04001038
04001039
04001040
04001041
04001042
04001043
04001044
04001045
04001046
04002004
04002005
04002006
04002007
04002008
04002009
04002011
04002012
04002013
04002014
04002015
04002016
04002019
04002020
04002021
04002022
04002023
04002024
04002026
04002027
04002028
04002029
04002030
04002031
04003013
04003050
04003051
04004019
04004035
04004036
04004037
04004038
04004039
04004040
04004041
04004042
04004043
04004044
04004045
04004046
04004047
04004048
04005013
04005014
04006007
04007013
04007014
04007015
04007016
04007017
04007018
04007019
04007020
04007021
04007022
04007023
04007024
04007025
04007026
04007027
04007028
04007029
04007030
04007031
04007032
04007033
04007034
04007035
04007036
04007037
04007038
04007039
04007040
04007041
04007042
04007043
04007044
04007045
04007046
04007047
04007048
04007049
04007050
04007051
04007052
04007053
04007054
04007055
04007056
04007057
04007058
04007059
04007060
04007061
04007062
04007063
04007064
04007065
04007066
04007067
04007068
04007069
04007070
04007071
04007072
04007073
04007074
04007075
04007076
04007077
04007078
04007079
04007080
04007081
04007082
04007083
04009003
04009012
04011009
04013026
04014037
04015023
04016002
04016010
04025009
04026004
04026020
04026021
04026024
04026030
04026055
04026056
04027019
04029019
04029022
04029025
04029028
04029031
04029034
04029038
04031023
04031033
04031034
04031035
04031037
04031038
04031039
04031040
04031043
04031044
04031045
04031046
04032004
04033016
04033017
04033018
04033019
04033020
04033021
04033022
04033023
04033024
04033025
04033026
04033027
04033028
04033029
04033030
04033031
04033032
04033033
04033034
04033035
04033036
04033037
04033039
04033042
04033043
04033044
04033045
04033046
04033047
04035017
04035018
04035021
04035027
04036011
05002011
05004017
05004018
05004046
05013002
05014013
05014014
05014015
05014016
05014017
05014018
05018011
05019003
05024020
05024021
05025014
05028055
05028057
05029015
05032042
06008021
06011018
06012008
06014002
06014003
06016009
06017006
06019016
06019023
06019031
06019039
06023016
07001023
07001036
07003028
07005030
07013016
07016009
07016025
07019011
07020010
07020016
07020023
07020028
07020034
07021011
08004019
08004020
08004021
08004022
09004015
09006015
09009010
09009011
09013008
09017014
09025003
09030010
10003010
10003032
10004007
10007011
10013035
10013036
10013037
10013038
10017029
10018008
10024012
11001006
11006017
11006024
11006025
11006026
11007005
11007014
11007029
11007035
11008016
11008017
11008018
11008042
11008048
11008049
11010020
11011010
11012014
11015033
12007007
12009015
12010030
12011006
12011007
12011008
12012015
12012022
12015012
13002027
13002051
13004004
13004018
13004022
13004023
13004035
13004036
13004037
13004038
13006079
13008007
13008009
13008015
13008016
13008018
13008020
13008021
13008023
13008024
13008025
13008027
13009005
13009006
13009020
13013003
13015018
13015019
13015020
13015021
13015024
13016013
13017010
13021010
13023011
13024027
13024029
13026005
14003012
14003013
14004008
14005012
14005013
14006002
14006005
14006006
14006007
14006008
14006013
14006038
14006039
14007009
14007014
14009019
14010014
14011012
14013021
14014007
14017008
14017009
14020023
14026005
14028006
14028017
14029009
14029036
14030003
14030019
14030026
14035027
15001004
15002060
15002062
15002067
15005007
15005014
15007002
15007003
15007004
15007005
15007007
15007009
15008003
15010008
15010032
15010035
15010036
15010037
15010038
15010039
15010040
15010041
15010042
16002013
16006018
16007062
16007064
16007069
16007071
16007072
16008002
16011008
16011009
16012009
16012023
16012029
16012034
16012035
16013003
17001002
17006008
17007002
17009008
17009009
17009010
18006020
18008015
18011003
18011009
18011019
18012008
18014014
18014019
18015013
18016008
18020013
18021024
18021033
18022014
18026006
18027006
18031025
18031027
18031034
18031039
18032009
18038040
18039003
19044017
19049007
19049010
19056013
19056014
19066014
19076010
19096013
19102011
19105006
19124003
20001018
20003026
20004019
20008016
20008031
20026019
21004014
21009005
22004014
23002018
23003019
23003023
23007009
23007024
23008008
23008015
23009005
23009012
23010002
23010009
23010023
23011016
23014005
23017011
23022002
23022010
23022018
23025005
23026018
23027003
23043024
23046002
23046007
23051002
23054008
23054012
23056010
23059006
24004004
24016015
24019013
24021012
24023008
24024010
24026008
24027020
24027021
24032004
24032005
24032010
24036009
24038002
24038003
24041002
24041018
24043006
24045003
24045004
24051035
24052022
25003061
25004002
25005018
25005022
26001025
26004005
26006005
26010017
26012005
26012006
26012016
26016036
26017023
26021020
26024005
26026011
26027009
26030015
26030016
26032025
26033005
26036030
26038020
26039005
26040009
26040022
26040025
26040026
26040033
26040034
26040036
26040037
26041006
26041009
26041010
26041011
26041016
26041024
26042008
26042010
26042018
26042019
26043008
26043015
26044011
26044012
26044013
26044014
26045004
26045005
26047014
26047016
26048003
26048004
26048005
26048006
26048007
26048010
26048019
26048022
26048024
26048025
26048026
26048027
26048031
26048032
26048033
26048034
27010021
27011024
28002022
28005002
30002012
30004012
30005009
30005017
30005027
31001013
31001014
33007006
34002002
34002012
35002019
35003010
38002007
38008008
38012012
38012013
38012014
40014004
41006018
41015043
42001055
42001078
42016021
43004002
43004003
43005034
43006031
44010046
44015018
44024008
44027017
45002016
45002020
45003006
45015019
46001006
46014034
47001014
47001016
47012004
49002005
49003019
49004021
50002016
51001005
51001006
58005010
58006002
58006005
58006006
58011018
60003006
62003020
