01015019
01015020
01015021
02038031
03011047
03015033
10017028
10017029
12012001
13001014
13001015
13001021
13001022
13004029
13004030
13005005
13006034
13006035
13006036
13006037
13006045
13006046
13006058
13006068
13006081
13007026
13010014
14031017
15002066
15007002
15007003
15007004
15007005
16007068
17006007
17009008
17009009
19096013
19098009
19114008
23003002
23003019
23003020
23003021
23003022
23044025
23044026
23044027
23044028
23061002
23063012
24041018
24048022
24048023
36001005
36003019
36003020
37001015
40024049
40024050
40024051
42019048
44002047
44004037
44023035
44027044
45008039
46014040
50001030
52001010
53002017
58009028
59005020
60001025
65001025
66004010
66004011
