40001002
40001003
40001004
40001005
40001006
40001007
40001008
40001009
40001010
40001011
40001012
40001013
40001014
40001015
40001016
40001024
40001025
40002019
40002020
40005023
40005024
40005044
40005045
40006003
40006004
40006017
40006018
40007001
40007002
40007028
40007029
40008005
40008006
40008016
40008017
40009023
40009024
40010003
40010004
40010005
40010006
40010009
40010010
40011002
40011003
40011004
40011005
40011016
40011017
40012007
40012008
40013034
40013035
40013041
40013042
40013049
40013050
40013053
40013054
40014004
40014005
40014006
40014007
40014035
40014036
40015005
40015006
40015007
40015008
40015013
40015014
40017014
40017015
40017022
40017023
40018002
40018003
40018019
40018020
40019004
40019005
40019018
40019019
40020011
40020012
40020026
40020027
40021001
40021002
40021045
40021046
40022011
40022012
40023029
40023030
40023038
40023039
40024015
40024016
40024017
40024018
40024048
40024049
40025015
40025016
40025035
40025036
40026003
40026004
40026006
40026007
40026014
40026015
40026027
40026028
40026060
40026061
40026067
40026068
40027009
40027010
40027028
40027029
40027035
40027036
40027039
40027040
40027059
40027060
40028006
40028007
40028012
40028013
41001036
41001037
41003007
41003008
41003013
41003014
41003015
41003016
41003017
41003018
41003019
41004011
41004012
41004018
41004019
41005003
41005004
41005006
41005007
41006019
41006020
41006027
41006028
41006039
41006040
41006048
41006049
41006051
41006052
41007011
41007012
41007021
41007022
41009030
41009031
41010029
41010030
41010033
41010034
41010039
41010040
41010043
41010044
41011001
41011002
41011027
41011028
41012038
41012039
41013015
41013016
41014013
41014014
41014051
41014052
41014066
41014067
41015042
41015043
41016017
41016018
42001001
42001002
42001003
42001004
42001008
42001009
42001026
42001027
42002006
42002007
42002022
42002023
42002024
42002027
42002028
42002029
42002030
42002031
42002032
42002034
42002035
42002036
42002037
42003001
42003002
42003003
42003004
42003021
42003022
42003024
42003025
42003026
42003027
42003028
42003029
42003030
42003031
42003032
42003033
42003034
42003035
42003036
42003037
42003038
42004016
42004017
42004018
42004019
42005001
42005002
42006014
42006015
42006016
42007004
42007005
42007018
42007019
42008002
42008003
42008041
42008042
42009021
42009022
42009047
42009048
42011050
42011051
42012045
42012046
42014029
42014030
42015018
42015019
42016027
42016028
42017012
42017013
42018004
42018005
42018029
42018030
42019041
42019042
42020003
42020004
42020042
42020043
42023013
42023014
42023023
42023024
42023036
42023037
42023050
42023051
42024047
42024048
43001016
43001017
43001019
43001020
43001026
43001027
43002009
43002010
43004011
43004012
43005022
43005023
43005037
43005038
43005045
43005046
43008003
43008004
43009006
43009007
43009018
43009019
43010035
43010036
43011006
43011007
43011018
43011019
43011051
43011052
43012012
43012013
43013014
43013015
43018012
43018013
43020006
43020007
44001001
44001002
44001021
44001022
44001024
44001025
44002009
44002010
44002011
44002026
44002027
44002034
44002035
44004034
44004035
44005001
44005002
44007057
44007058
44009001
44009002
44013032
44013033
44013038
44013039
44014006
44014007
44014021
44014022
44015024
44015025
44015026
44015027
44015028
44015029
44015040
44015041
44020026
44020027
44023027
44023028
44023029
44023030
44024002
44024003
44024006
45001001
45001002
45001003
45001004
45001009
45001010
45001020
45001021
45002017
45002018
45002019
45002020
45002021
45004019
45004020
45008020
45008021
45008038
45008039
45009001
45009002
45009003
45009004
45009011
45009012
45009027
45009028
45011002
45011003
45015018
45015019
45015023
45015024
45015030
45015031
45016003
45016004
45016005
45016006
45016007
45016008
45016009
45016010
45016011
45016012
45016013
45016014
45016015
45016016
46001001
46001002
46001028
46001029
46002004
46002005
46003021
46003022
46005004
46005005
46006009
46006010
46008005
46008006
46010003
46010004
46011023
46011024
46012024
46012025
46014032
46014033
46014034
46016015
46016016
46016017
46016018
47006006
47006007
47010008
47010009
47012003
47012004
48004010
48004011
48005022
48005023
49001015
49001016
49001018
49001019
49002001
49002002
49003008
49003009
49003010
49003011
49004012
49004013
49004023
49004024
50002007
50002008
50003008
50003009
51001001
51001002
51001013
51001014
52003002
52003003
52004004
52004005
53001009
53001010
53002001
53002002
53002009
53002010
53002016
53002017
54001001
54001002
54005009
54005010
55001001
55001002
55004009
55004010
56002004
56002005
58002001
58002002
58003007
58003008
58003009
58003010
58006001
58006002
58006004
58006005
58006006
58009013
58009014
58013020
58013021
60001018
60001019
60003003
60003004
60003019
60003020
61003001
61003002
66001004
66004009
66004010
66007005
66007006
66007007
66007008
66010005
66010006
66014009
66014010
66021019
66021020
66022001
66022002
