40002015
40002018
40007002
40010010
40011017
40012004
40012049
40012050
40013004
40013046
40013048
40013050
40013054
40014004
40015006
40015020
40020002
40020019
40020027
40021005
40021025
40021039
40021046
40022002
40022006
40022022
40022027
40022036
40022046
40024049
40025008
40026011
40027042
40027043
41001003
41001044
41002002
41002007
41002028
41003014
41004029
41005002
41005038
41006050
41011013
41011030
41013036
41014036
41014067
41015026
41016002
42001009
42001041
42002050
42003005
42005009
42006004
42008033
42011020
42011048
42011054
42013013
42013019
42013021
42015004
42019021
42020031
42021017
42023051
43001002
43001007
43001008
43001009
43001025
43001033
43001041
43001044
43001045
43001046
43002007
43003025
43003026
43003028
43003034
43004005
43004008
43004036
43004037
43004038
43004047
43005033
43005038
43005039
43005040
43006009
43006017
43006019
43006021
43007051
43009015
43010015
43010035
43010036
43011010
43011042
43012005
43013003
43013004
43015002
43015005
43018006
43018025
44001002
44001022
44001025
44002035
44003004
44003006
44003010
44005018
44007028
44010038
44012008
44013010
44013033
44013039
44015029
44024019
44025005
45001004
45001007
45002016
45003022
45004021
45004025
45007011
45008021
45008039
45009012
45009013
45015016
46005013
46006010
46010030
47002007
47005008
47011015
47012004
48001024
48004002
48005023
49002002
49003015
49004021
49004024
49004027
49005013
49005024
49005030
49006024
50001016
50002007
50002015
50003003
50003011
50004011
51001020
51002022
52002002
52005007
53001010
53002002
53002017
53003008
54001016
54006021
55002021
56002007
58006003
58007019
58010004
58010016
58010017
58011025
58012013
59001004
59001011
59002022
59002023
59003006
59004010
59004012
59005020
60001002
60003020
60003022
61003004
65001015
65001018
65001025
66001018
66002023
66002028
66004010
66010007
