41003020
41003021
41012037
42003025
42003027
42003029
42003033
42003035
42003037
42020018
42020044
43012037
43012038
43019041
43019042
44002032
44002033
44002034
44002035
44004012
44004027
44004028
44004029
44004030
44013034
44013035
44013036
44013037
44013038
44013039
44013040
44017029
44017030
44017031
45008037
45008038
45008039
45010019
45010020
45010021
45011028
45011029
45011030
45011031
45011032
45011036
45014012
45015010
45015011
45015012
46001020
46002010
46002011
46002012
46014022
46015056
46015057
47006017
47006018
47009010
47009011
47009012
47009013
47009014
47009015
49004009
49004010
49004011
49004012
49004013
49004014
49004015
49004016
50002011
58001006
58001007
58001008
58001010
58001013
58002007
58002009
58002010
58002013
58003008
58005006
58007022
58010008
58010009
58010010
58010017
58010018
58010039
58012007
58012008
58012009
58012010
58012011
60002007
60002008
60004019
66005009
66005013
66005014
66011018
66018008
