01028004
02015001
02015002
02015003
02015004
02015005
02015006
02015007
02015008
02015009
02015010
02015011
02015012
02015013
02015014
02015015
02015016
02015017
02015018
02015019
02015020
02015021
02020022
02020023
02020024
02020025
02020026
02031001
02031002
02031003
02031004
02031005
02031006
02031007
02031008
02031009
02031010
02031011
02033001
02033002
02033003
02033004
02033005
02033006
02034010
02034011
02034012
02034013
02034014
02034015
02034016
02034017
02034018
02034019
02034020
02034021
02034022
02034023
02034024
02034025
02034026
02034027
02034028
02040001
02040002
02040003
02040004
02040005
02040006
02040007
02040008
02040009
02040010
02040011
02040012
02040013
02040014
02040015
02040016
02040017
02040018
02040019
02040020
02040021
02040022
02040023
02040024
02040025
02040026
02040027
02040028
02040029
02040030
02040031
02040032
02040033
04006001
04006002
04006003
04006004
04006005
04006006
04006007
04006008
04006009
04006010
04006011
04006012
04006013
04006014
04006015
04006016
04006017
04006018
04006019
04006020
04006021
04020014
04020015
04020016
04020017
04020018
04020019
04020020
04020021
04020022
04020023
04020024
04020025
04020026
04020027
04020028
04020029
04021001
04021002
04021003
04021010
04021011
04021012
04021013
04021014
04021015
04021016
04021017
04021018
04021019
04021020
04021021
04021022
04021023
04021024
04021025
04021026
04021027
04021028
04021029
04021030
04021031
04021032
04021033
04021034
04021035
04027001
04027002
04027003
04027004
04027005
04027006
04027007
04027008
04027009
04027010
04027011
05001009
05001010
05001011
05001012
05001013
05001014
05001015
05001016
05001017
05001018
05001019
05001020
05001021
05001022
05001023
05001024
05001025
05001026
05001027
05001028
05001029
05001030
05001031
05001032
05001033
05001034
05001035
05001036
05001037
05001038
05001039
05001040
05001041
05001042
05001043
05001044
05001045
05001046
05004025
05004026
05004027
05004028
05004029
05004030
05004031
05004032
05004033
05004034
05004035
05004036
05004037
05004038
05004039
05004040
05004041
05004042
05004043
05004044
05004045
05004046
05004047
05004048
05004049
05006016
05006017
05006018
05006019
05006020
05006021
05006022
05006023
05006024
05006025
05007011
05007012
05007013
05007014
05007015
05007016
05007017
05007018
05007019
05007020
05007021
05007022
05007023
05007024
05007025
05007026
05008006
05008007
05008008
05008009
05008010
05008011
05008012
05008013
05008014
05008015
05008016
05008017
05008018
05008019
05008020
05017001
05018001
05018002
05018003
05018004
05018005
05018006
05018007
05018008
05018009
05018010
05018011
05018012
05018013
05018014
05031009
05031010
05031011
05031012
05031013
05031014
05031015
05031016
05031017
05031018
05031019
05031020
05031021
05031022
05031023
05031024
05031025
05031026
05031027
05031028
05031029
05031030
07002001
07002002
07002003
07002004
07002005
07002006
07002007
07008001
07008002
07008003
07008004
07008005
07008006
07008007
07008008
07008009
07008010
07008011
07008012
07008013
07008014
07008015
07008016
07008017
07008018
07008019
07008020
07008021
07008029
07008030
07008031
07008032
07008033
07008034
07008035
