40005024	
40006003	
40006020	
40006021	
40007014	
40007025	
40007027	
40007029	
40008006	
40009006	
40009021	
40013032	
40013050	
40014004	
40020018	
40020027	
40021002	
40027018	
41001020	
41001024	
41001044	
41002010	
41002011	
41002026	
41003010	
41003015	
41005004	
41005008	
41005023	
41005028	
41006018	
41007019	
41007022	
41007026	
41008002	
41009006	
41009037	
41010030	
41010044	
41011002	
41011007	
41012011	
41012044	
41013004	
41014036	
41014058	
41015010	
41015043	
42001055	
42001074	
42002007	
42002030	
42003022	
42008029	
42008042	
42009008	
42009031	
42011054	
42016021	
42019013	
42019021	
42019044	
42020036	
42023045	
42023051	
43004002	
43004008	
43004029	
43004044	
43004047	
43006017	
43010015	
43012011	
43012040	
43018006	
44001022
44001025
44004037
44007003
44010046
44020027
44026003
44028011
45002020
45003023
45004025
45006018
45009003
45015023
45016002
45016026
46007004
46015025
46015026
47001014
47001016
48001002
48001012
48002008
48002009
48002012
48004013
48005020
48005021
48005023
48006005
48006008
49001005
49001008
49001016
49001020
49003011
49005023
49006003
49006022
51001004
51003003
51004011
52001005
52002020
53002017
54005012
55001002
58006005
58006006
58007010
58009017
60003002
61001014
61001018
61001021
62003020
66001005
66005010
66007017
