40001023
40004016
40005024
40005035
40006004
40006015
40006018
40006023
40006032
40007004
40007005
40007008
40007014
40007018
40007025
40007027
40010004
40010025
40011017
40012028
40012040
40012044
40012050
40013017
40013048
40013054
40013055
40013056
40014004
40015006
40020011
40023028
40024005
40024016
40025003
40025004
40025015
40025029
40026009
40026041
40027010
40027018
40027053
41001002
41001003
41001044
41002028
41003008
41003010
41003017
41003019
41003024
41003025
41003026
41003030
41004012
41004023
41004025
41005004
41005028
41005029
41005037
41006003
41006004
41006018
41006020
41006050
41006052
41007004
41007007
41007012
41007021
41007022
41007026
41008019
41008032
41008037
41009006
41009013
41009031
41009037
41009040
41009045
41009047
41010034
41011002
41011023
41012019
41012039
41012044
41013006
41013036
41014056
41015002
41015007
41015010
41015030
41015043
42001002
42001003
42001004
42001011
42001016
42001027
42001040
42001048
42001049
42001055
42001074
42001075
42002002
42002007
42002023
42002024
42002035
42002037
42002038
42003022
42004007
42004010
42004011
42004026
42005009
42005010
42005024
42006044
42006045
42007019
42008029
42008032
42008042
42008044
42009009
42009031
42010011
42010024
42011008
42011010
42011018
42011019
42011030
42011048
42011049
42011051
42011054
42012002
42012003
42012005
42012007
42012017
42012026
42012030
42012031
42012034
42012036
42012038
42012044
42012058
42013016
42013019
42014030
42014032
42014033
42017009
42018005
42019010
42019030
42019038
42020028
42020038
42020043
42021004
42021035
42023007
42023051
42024007
42024023
42024026
42024046
43001011
43001017
43001025
43001027
43001033
43001040
43001051
43002010
43002025
43003006
43003015
43003019
43003024
43003028
43004005
43004006
43004008
43004023
43004024
43004029
43004038
43004040
43004045
43005003
43005005
43005023
43005025
43005029
43005034
43005035
43005036
43005037
43005040
43006009
43006017
43006031
43006042
43006065
43007022
43007023
43007051
43008045
43008047
43009007
43009020
43009021
43010015
43010020
43010021
43010023
43010035
43010036
43010038
43011002
43011003
43011018
43011019
43011026
43011030
43011042
43011050
43012005
43012008
43012011
43012013
43012014
43012015
43012016
43012017
43012018
43012040
43012050
43013014
43013015
43013018
43013036
43014003
43014014
43014017
43014031
43016006
43016009
43016010
43016011
43016018
43016027
43016030
43016032
43017008
43017021
43018016
43018017
43018021
43018024
43019005
43019009
43019014
43019018
43019022
43019027
43019039
43020025
43021021
44001002
44001010
44001017
44001018
44001019
44001020
44001022
44001025
44002002
44002003
44002004
44002005
44002008
44002011
44002032
44003020
44004009
44004020
44004022
44004035
44004037
44005006
44005039
44007003
44007016
44007045
44007047
44007050
44008002
44008003
44008027
44008028
44009024
44010035
44010040
44010046
44013007
44013008
44013039
44013041
44015011
44020020
44020021
44020026
44020027
44022018
44023009
44024003
44024015
44024019
44025015
44026008
44027005
44027017
44027019
45001010
45002011
45002029
45004019
45005014
45005015
45007010
45007025
45008021
45008025
45008034
45009003
45009012
45009028
45010007
45010008
45011003
45014008
45015016
45015023
45015024
45016026
46001002
46001011
46001015
46003009
46003013
46003022
46004020
46005004
46005005
46005008
46005013
46006010
46007016
46007022
46009002
46009010
46010029
46011029
46012025
46014033
46015004
46015022
46015025
46015052
46015055
46016016
46016018
47001014
47001016
47002016
47003008
47003015
47004011
47005013
47006012
47008004
47008011
47008014
47012004
48001002
48001014
48001016
48002012
48002020
48003005
48003026
48003029
48004002
48005017
48006005
49001008
49001010
49001012
49001019
49001023
49002005
49002012
49003004
49003011
49003017
49003018
49003019
49004027
49005009
49005014
49005030
49006003
50001013
50001019
50002011
50002030
50003011
51001002
51002022
52003002
52003003
53001002
53002002
53002003
53002017
54001002
54001010
54001013
54001019
54002004
54002010
54002013
54003015
54004005
54004009
54005010
54005018
54005023
54005024
54005025
54006004
54006005
54006014
54006021
55001002
55001017
55002026
55003011
55004002
55004008
56002004
57001002
57001005
58001012
58003008
58006005
58006006
58007010
58007019
58007021
58009017
58010004
58011018
58013021
59001008
59001024
59002016
59003015
59004014
59005020
60001009
60003002
60003004
60004016
61001006
61001007
61001014
61001018
61001021
61002013
61003004
61003006
62002006
62002013
62002014
62002016
62005004
62005007
62005008
62005017
65001009
65001025
66001002
66002027
66003016
66004006
66004008
66007003
66007010
66008004
66010007
66014010
66016011
66017017
66020013
66020015
66021013
66021020
