01002001
01002002
01002003
01002004
01002005
01002006
01002010
01002011
01002012
01002013
01002014
02007001
02007002
02007003
02007004
02007005
02007006
02007007
02007008
02007009
02007013
02007014
02007015
02007016
02007017
02007018
02007019
02007020
02007021
02007022
02007023
02007024
02007025
02008001
02008002
02008003
02008004
02008005
02008006
02008007
02008008
02008009
02008010
02008011
02008012
02008013
02008014
02008015
02008020
02008021
02008022
02008023
02008024
02008025
02008026
02008027
02008028
02008029
02008030
02008031
02008032
02017008
02017009
02017010
02017011
02017012
02017013
02017014
02017015
02017016
02034001
02034002
02034003
02034007
02034010
02034011
02034012
02034013
02034014
02034015
02034016
02034017
02034018
02034019
02034020
02034021
02034022
02034023
02034024
02034025
02034026
02034027
02034028
02034029
02034030
02034031
02034032
02034033
02034034
02034035
04001001
04001002
04001003
04001004
04001005
04001006
04001007
04001008
04001009
04001010
04001011
04001012
04001013
04001014
04001015
04001016
04001017
04001018
04001019
04001020
04001021
04001022
04001024
04001025
04001026
04001027
04001028
04001029
04001030
04001031
04001032
04001033
04001034
04001035
04001036
04001037
04001038
04001039
04001040
04001041
04001042
04001043
04001044
04001045
04001046
04001047
04001048
04001049
04001050
04001051
04001052
04001053
04001054
05008001
05008004
05008005
05008006
05008007
05008008
05008009
05008010
05008011
05008012
05008013
05008017
05008018
05008019
05008020
05013005
05013006
05013007
05013008
05013009
05013010
05013011
05013012
05013013
05013014
05013015
05013016
05013017
05013018
05018001
05018002
05018003
05018004
05018005
05018006
05018007
05018008
05018009
05018013
05018014
05018015
05018016
05018017
05018018
05018019
05018020
05018021
05018022
06024001
06024002
06024003
06024004
06024005
06024006
06024007
06024008
06024009
06024010
06024011
06024012
06024013
06024016
06024017
06024018
06024019
06024020
06024021
06024022
06024023
06024024
06024025
06024026
06024027
06024028
06024029
06024030
06024031
06024032
06024033
09016002
09016003
09016004
09016005
09016008
09016009
09016014
09016015
09016016
09016017
09016018
09016019
09016020
09016021
09016022
09016023
09017057
09017058
12006001
12006002
12006003
12006004
12006005
12006006
12006007
12006008
12006009
12006010
12006011
12006012
12006013
12006014
12006018
12006019
12006020
12006021
12006022
12006023
12006024
12006025
12006026
12006027
12006028
12006029
12006030
12006031
12006032
12006033
19051001
19051002
19051003
19051004
19051005
19051006
19051007
19051008
19051011
19051012
19051013
19051014
19051015
19051016
19051018
19051019
19051020
19051021
19091007
19091008
19091009
19091010
19091013
19091014
19091015
19091016
20030001
20030002
20030003
20030004
20030007
20030008
20030009
20030010
20030011
20030012
20030013
20030014
20030015
20030016
20030017
20030018
20030019
20030020
20030021
20030022
20030023
20030024
20030025
20030026
20030027
20030028
20030029
20030030
20030031
20030032
20030033
23008001
23008002
23008003
23008004
23008005
23008006
23008007
23008008
23008009
23008010
23008011
23008012
23008013
23008014
23008015
23008016
23008017
23008018
23008021
23008022
23050001
23050002
23050003
23050009
23050010
23050011
33005001
33005002
33005003
33005004
33005005
33005006
33005007
33005008
33005009
33005010
33005011
33005013
33005014
33005015
40004008
40004009
40004010
40004011
41001001
41001002
41001003
41001004
41001005
41001006
41002013
41002014
41002015
41002016
41002017
41002018
41002019
41002020
41002021
41002022
41002023
41002024
41002025
41002026
41002027
41002028
41004001
41004002
41004003
41004004
41004005
41004006
41004007
41004008
41004009
41004010
41004011
41004012
41004013
41004014
41004015
41004016
41004017
41004018
41004019
41004020
41004021
41004022
41004023
41004024
41004025
41006014
41006015
41006016
41006017
41006018
41006019
41006020
41006021
41006022
41006023
41006024
41006025
41006026
41006027
41006028
41006029
41006035
41006036
41006037
41006038
41006039
41006040
41006041
41006042
41006043
41006044
41006045
41006046
41006047
41006048
41006049
41006050
41006051
41006052
41006053
41006054
41006055
41006056
41007001
41007002
41007003
41007004
41007005
41007006
41007007
41007008
41007009
41007010
41007011
41007012
41007013
41007014
41007015
41007017
41007018
41007019
41007020
41007024
41007025
41007026
41007027
41007028
41007029
41007030
41009001
41009011
41009012
41009013
41009014
41009015
41009016
41009017
41009018
41009019
41009020
41009021
41009022
41009023
41009024
41009025
41009026
41009027
41009028
41009029
41009030
41009031
41009032
41009033
41009034
41009035
41009036
41009037
41009038
41009039
41009040
41009041
41009042
41009043
41009045
41009047
41009048
41009049
41009050
41010001
41010002
41010003
41010004
41010005
41010006
41010007
41010008
41010009
41010010
41010011
41010012
41010013
41010014
41010015
41010016
41010017
41010018
41010019
41010020
41010021
41010022
41010023
41010024
41010025
41010026
41010027
41010028
41010029
41010030
41010031
41010032
41010033
41010034
41010035
41010036
41010037
41010038
41010039
41010040
41010041
41010042
41010043
41010044
41010045
41013001
41013002
41013003
41013004
41013005
41013006
41013007
41013008
41013009
41013010
41013011
41013012
41013013
41013014
41013015
41013016
41013017
41013018
41013019
41013020
41013021
41013022
41013023
41013024
41013025
41013026
41013027
41013028
41013029
41013030
41013031
41013032
41014001
41014002
41014003
41014004
41014005
41014006
41014007
41014008
41014009
41014010
41014011
41014017
41014018
41014019
41014020
41014021
41014027
41014028
41014029
41014030
41014031
41014032
41014033
41014034
41014035
41014036
41014037
41014038
41014039
41014040
41014041
41014042
41014043
41014044
41014045
41014046
41014047
41014048
41014049
41014050
41014051
41014052
41014053
41014054
41014055
41014056
41014057
41014058
41014059
41014060
41014061
41014062
41014063
41014064
41014065
41014066
41014067
41014068
41014069
41014070
41014071
41014072
42001005
42001006
42001007
42001008
42001009
42001010
42001011
42001012
42001013
42001014
42001015
42001016
42001017
42001018
42001019
42001020
42001021
42001022
42001023
42001024
42001025
42001057
42001058
42001059
42001060
42001061
42001062
42001063
42001064
42001065
42001066
42001067
42001068
42001069
42001070
42001071
42001072
42001073
42001074
42001075
42001076
42001077
42001078
42001079
42001080
42002021
42002022
42002023
42002024
42002025
42002026
42002027
42002028
42002029
42002030
42002031
42002032
42002033
42002034
42002035
42002036
42002037
42002038
42002039
42002040
42002050
42004031
42004032
42004033
42004034
42004035
42004036
42004037
42004038
42004039
42004040
42004041
42004042
42004043
42004044
42005012
42005013
42005014
42005015
42005016
42005017
42005018
42005019
42005020
42005021
42005022
42005023
42005024
42005025
42005026
42005027
42005028
42005029
42005030
42005031
42005032
42005033
42005034
42005035
42005036
42005037
42005038
42005039
42006001
42006002
42006003
42006004
42006005
42006006
42006007
42006008
42006009
42006010
42006011
42006012
42006013
42006014
42006015
42006016
42006018
42006019
42006037
42006038
42006046
42006047
42006048
42006049
42008001
42008002
42008003
42008004
42008005
42008006
42008007
42008008
42008009
42008010
42008011
42008012
42008013
42008014
42008015
42008016
42008017
42008018
42008019
42008020
42008021
42008022
42008023
42008024
42008025
42008026
42008027
42008028
42008029
42008030
42008031
42008032
42008033
42008034
42008035
42008036
42008037
42008038
42008039
42008043
42008044
42008045
42008046
42008047
42008048
42009001
42009002
42009003
42009004
42009005
42009006
42009007
42009008
42009009
42009010
42009025
42009026
42009027
42009036
42009037
42009038
42009039
42009040
42009041
42009042
42009043
42009044
42009045
42009046
42009047
42009048
42009049
42009050
42009051
42009052
42009053
42009054
42009055
42009056
42009057
42009058
42009059
42009060
42009061
42009062
42010013
42010014
42010015
42010016
42010021
42010022
42010023
42010024
42011014
42011015
42011016
42011017
42011018
42011019
42011020
42011021
42011022
42011024
42011025
42011026
42011027
42011028
42011029
42011030
42011031
42011032
42011033
42011034
42011035
42011036
42011037
42011038
42011039
42011040
42011041
42011042
42011043
42011044
42011045
42011046
42011047
42011048
42011049
42011050
42011051
42011052
42011053
42011054
42012001
42012002
42012003
42012004
42012005
42012006
42012007
42012008
42012009
42012010
42012011
42012012
42012022
42012023
42012024
42012025
42012026
42012027
42012028
42012029
42012030
42012031
42012032
42012033
42012034
42012035
42012036
42012037
42012038
42012039
42012040
42012041
42012042
42012043
42012044
42012045
42012046
42012047
42012048
42012049
42012050
42012051
42012052
42012053
42012054
42012055
42012056
42012057
42012058
42012059
42013020
42013021
42013022
42013023
42013024
42013025
42013026
42013027
42013028
42013029
42013030
42013031
42013032
42013033
42013034
42013035
42014002
42014003
42014004
42014005
42014006
42014015
42014016
42014017
42014018
42014019
42014020
42014021
42014022
42014023
42014024
42014025
42014026
42014027
42014028
42014029
42014030
42014031
42014032
42014033
42014034
42014035
42015004
42015005
42015006
42015007
42015008
42015009
42015010
42015014
42016014
42016015
42016016
42016017
42016018
42016027
42016028
42016029
42016030
42016031
42017001
42017002
42017003
42017004
42017011
42017012
42017013
42017014
42017015
42017016
42017017
42017018
42017019
42017022
42017023
42017024
42017025
42017026
42017027
42017028
42017029
42017030
42017031
42017032
42017033
42017034
42017035
42017037
42019011
42019012
42019013
42019014
42019015
42019016
42019017
42019018
42019019
42019020
42019021
42019022
42019023
42019024
42019025
42019026
42019027
42019028
42019029
42019030
42019031
42019032
42019033
42019034
42019035
42019036
42019037
42019038
42019039
42019040
42019041
42019042
42019043
42019044
42019045
42019046
42019047
42019048
42020001
42020002
42020003
42020004
42020005
42020006
42020007
42020008
42020009
42020010
42020011
42020012
42020013
42020014
42020015
42020016
42020017
42020018
42020019
42020020
42020021
42020022
42020023
42020024
42020025
42020026
42020039
42020040
42020041
42020042
42020043
42020044
42020045
42020046
42020047
42021001
42021002
42021003
42021004
42021005
42021006
42021007
42021008
42021009
42021010
42021011
42021012
42021013
42021014
42021015
42021016
42021017
42021018
42021019
42021020
42021021
42021022
42021023
42021024
42021029
42021030
42021031
42021032
42021033
42021037
42021038
42022001
42022002
42022003
42022004
42022005
42022006
42022007
42022008
42022009
42022010
42022011
42022012
42022013
42022024
42022025
42022026
42022027
42022028
42022029
42022030
42022031
42022032
42022033
42022034
42022035
42022036
42022037
42022038
42022039
42022040
42022041
42022042
42022043
42022044
42022045
42022046
42022047
42022048
42022049
42022050
42022051
42022052
42022053
42022054
42022055
42022056
42022057
42022058
42022059
42022060
42022061
42022062
42022063
42022064
42022065
42022066
42022067
42022068
42022069
42022070
42022071
42023001
42023002
42023003
42023004
42023005
42023006
42023007
42023008
42023009
42023010
42023011
42023012
42023013
42023014
42023015
42023016
42023018
42023019
42023020
42023021
42023022
42023023
42023024
42023025
42023026
42023027
42023028
42023029
42023030
42023031
42023032
42023033
42023034
42023035
42023036
42023037
42023038
42023044
42023045
42023046
42023047
42023048
42023049
42023050
42023051
42023052
42023053
42023054
42023055
42023056
42024001
42024002
42024003
42024004
42024005
42024006
42024007
42024008
42024009
42024010
42024011
42024012
42024013
42024014
42024015
42024016
42024017
42024018
42024019
42024020
42024021
42024022
42024023
42024024
42024025
42024026
42024027
42024028
42024029
42024030
42024031
42024032
42024033
42024034
42024035
42024036
42024037
42024038
42024039
42024040
42024041
42024042
42024043
42024044
42024045
43001001
43001002
43001003
43001004
43001005
43001006
43001007
43001008
43001009
43001010
43001011
43001012
43001013
43001014
43001015
43001016
43001017
43001018
43001019
43001020
43001021
43001022
43001023
43001024
43001025
43001026
43001027
43001028
43001043
43001044
43001045
43001046
43001047
43001048
43001049
43001050
43001051
43002013
43002014
43002015
43002016
43002017
43002018
43002019
43002020
43002021
43002022
43002023
43002024
43002025
43006016
43006017
43006018
43006019
43006020
43006021
43006022
43006023
43006024
43006025
43006026
43006027
43006028
43006029
43006030
43006031
43006032
43006033
43006034
43006035
43006036
43006037
43006038
43006039
43006040
43006059
43006070
43006071
43008012
43008013
43008014
43008015
43008016
43008017
43008018
43008019
43008020
43008021
43008022
43008023
43008024
43008025
43008026
43008027
43008028
43008029
43008030
43008031
43008032
43008033
43008034
43008035
43008036
43008037
43008038
43008039
43008040
43008041
43008042
43008043
43008045
43008046
43008047
43008048
43008049
43008050
43008051
43008052
43008053
43008054
43008055
43008056
43008057
43008058
43008059
43014001
43014002
43014003
43014004
43014005
43014007
43014008
43014009
43014010
43014011
43014012
43014016
43014017
43014018
43014019
43014020
43014021
43014022
43014023
43014024
43014025
43014026
43014027
43014028
43014029
43014030
43014031
43016001
43016002
43016003
43016004
43016005
43016006
43016007
43016008
43016009
43016010
43016011
43016016
43016017
43016018
43016019
43016020
43016021
43016022
43016023
43016024
43016025
43016026
43016027
43016028
43016029
43016030
43016031
43016032
43016033
44001012
44001013
44001014
44001015
44001016
44001017
44001018
44001019
44001020
44001021
44001022
44001023
44001024
44001025
44001026
44002012
44002013
44002015
44002016
44002017
44002018
44002019
44002020
44002021
44002034
44002035
44003001
44003002
44003003
44003004
44003005
44003006
44003007
44003020
44003021
44003022
44003023
44003024
44003025
44003026
44004001
44004002
44004003
44004004
44004005
44004006
44004007
44004008
44004009
44004010
44004011
44004012
44004013
44004014
44004015
44004016
44004017
44004018
44004019
44004020
44004021
44004022
44004023
44004024
44004025
44004026
44004027
44004028
44004029
44004030
44004031
44004036
44004037
44005001
44005002
44005003
44005004
44005005
44005006
44005007
44005008
44005009
44005010
44005011
44005017
44005018
44005019
44005020
44005021
44005022
44005023
44005024
44005025
44005026
44005033
44005034
44005035
44005036
44005037
44005038
44005039
44005042
44006008
44006009
44006010
44006011
44006012
44006013
44006014
44006015
44008001
44008002
44008003
44008004
44008022
44008023
44008024
44008025
44008026
44008027
44008028
44008029
44008030
44008031
44008032
44008033
44008034
44008035
44008036
44008038
44008039
44008040
44009001
44009002
44009003
44009004
44009005
44009006
44009007
44009008
44009009
44009010
44009011
44009012
44009013
44009014
44009015
44009016
44009017
44009018
44009019
44009020
44009021
44009022
44009023
44009024
44009025
44009032
44009033
44009034
44009035
44009036
44009037
44009038
44009039
44009040
44009041
44009042
44009043
44010001
44010002
44010003
44010004
44010005
44010006
44010007
44010008
44010009
44010010
44010011
44010012
44010013
44010014
44010015
44010016
44010017
44010018
44010019
44010020
44010021
44010022
44010023
44010024
44010027
44010028
44010029
44010030
44010031
44010032
44010033
44012012
44012013
44012014
44012015
44012016
44012017
44012018
44012019
44012020
44012021
44012022
44012023
44012024
44012025
44013001
44013002
44013003
44013004
44013005
44013006
44013007
44013008
44013009
44013010
44013011
44013012
44013013
44013015
44013016
44013017
44013018
44013019
44013020
44013021
44013027
44013028
44013029
44013030
44013031
44013032
44013033
44013034
44013035
44013036
44013037
44013038
44013039
44013040
44013041
44013042
44013052
44014001
44014002
44014003
44014004
44014005
44014006
44014007
44014008
44014009
44014010
44014011
44014012
44014013
44014014
44014015
44014016
44014017
44014018
44014019
44014020
44014028
44015003
44015004
44015005
44015006
44015007
44015008
44015009
44015010
44015011
44015012
44015013
44015014
44015015
44015016
44015017
44015018
44015019
44015020
44015021
44015030
44015031
44015032
44015033
44015035
44015036
44015037
44015038
44015039
44015040
44015041
44019001
44019002
44019003
44019004
44019005
44019006
44019007
44019008
44019009
44019010
44019011
44019012
44019017
44019018
44019019
44019020
44019021
44019022
44019023
44019024
44019025
44019026
44019027
44019028
44019029
44019030
44019031
44019032
44019033
44019034
44019035
44019036
44019037
44019038
44019039
44019040
44019041
45003001
45003002
45003003
45003004
45003005
45003006
45003007
45003008
45003009
45003013
45003014
45003015
45003016
45003017
45003018
45003019
45003021
45003022
45003024
45003025
45003026
45003027
45003028
45003029
45003030
45003031
45007001
45007002
45007003
45007004
45007005
45007006
45007007
45007008
45007009
45007010
45007011
45007012
45007013
45007014
45007015
45007016
45007017
45007020
45007021
45007022
45007023
45008001
45008002
45008003
45008004
45008012
45008013
45008014
45008015
45008016
45008017
45008018
45008019
45008020
45008021
45008022
45008023
45008024
45008025
45008026
45008027
45008029
45008030
45008031
45008032
45008033
45008034
45008036
46015001
46015002
46015003
46015004
46015005
46015006
46015007
46015008
46015009
46015010
46015011
46015012
46015013
46015014
46015015
46015016
46015017
46015018
46015019
46015020
46015021
46015022
46015023
46015024
46015025
46015026
46015027
46015028
46015029
46015030
46015031
46015032
46015033
46015034
46015035
46015036
46015037
46015038
46015039
46015040
46015041
46015042
46015043
46015044
46015045
46015046
46015047
46015048
46015049
46015050
46015056
46015057
46015058
47004006
47004007
47004008
47004009
47004010
47004011
47004012
47004013
47004016
47004017
47004018
48001001
48001002
48001003
48001004
48001005
48001010
48001011
48001012
48001013
48001014
48001015
48001016
48001017
48001018
48001019
48001020
48001021
48001022
48001023
48001024
48004001
48004002
48004003
48004004
48004005
48004006
48004007
48004010
48004011
48004012
48004013
48004014
48004015
48004016
48004017
48004018
48004019
48004020
48004021
48004022
48004023
48004024
48004025
48004026
48004027
48004028
48004029
48004030
48004031
49002001
49002003
49002004
49002005
49002006
49002007
49002010
49002011
49002012
49002013
49002014
49002015
49002016
49002017
49002018
49002019
49002020
49002021
49002022
49006001
49006002
49006003
49006004
49006005
49006006
49006007
49006008
49006009
49006010
49006019
49006020
49006021
49006022
49006023
49006024
50002001
50002002
50002003
50002004
50002005
50002006
50002007
50002008
50002009
50002012
50002013
50002016
50002017
50002018
50002019
50002020
50002021
50002022
50002023
50002024
50002025
50002026
50002027
50002028
50002029
50002030
54006001
54006002
54006003
54006004
54006005
54006006
54006007
54006008
54006011
54006012
54006013
54006014
54006015
54006016
54006020
54006021
56002001
56002002
56002003
56002004
56002005
56002006
56002007
56002008
56002009
56002010
56002015
58004001
58004002
58004003
58004004
58004005
58004006
58004007
58004008
58004009
58004010
58004011
58010001
58010002
58010003
58010004
58010005
58010006
58010007
58010008
58010009
58010010
58010011
58010012
58010013
58010014
58010015
58010016
58010017
58010018
58010019
58010020
58010021
58010022
58010023
58010024
58010025
58010032
58010033
58010034
58010035
58010036
58010037
58010038
58010039
58013001
58013002
58013003
58013004
58013007
58013008
58013009
58013010
58013011
58013012
58013013
58013014
58013015
58013016
58013017
58013018
58013019
58013020
58013021
58013022
58013023
58013024
58013025
59001001
59001002
59001003
59001004
59001008
59001009
59001010
59001011
59001012
59001013
59001014
59001015
59001016
59001017
59001018
59001019
59001020
59001021
59001022
59001023
59001024
59001025
59001026
59001027
59002001
59002002
59002003
59002004
59002005
59002006
59002007
59002008
59002009
59002010
59002011
59002012
59002013
59002014
59002015
59002016
59002017
59002018
59002021
59002022
59002023
59002024
59002025
59002026
59004001
59004002
59004003
59004005
59004006
59004009
59004010
59004011
59004012
59004013
59004014
59004015
59004016
59004017
59005001
59005002
59005003
59005004
59005005
59005006
59005007
59005008
59005009
59005010
59005011
59005012
59005016
59005017
59005018
59005019
59005020
60005001
60005002
60005003
60005004
60005005
60005006
60005007
60005010
60005011
60005012
60005013
60005014
61001001
61001002
61001005
61001006
61001007
61001008
61001009
61001010
61001011
61001012
61001013
61001014
61001015
61001016
61001017
61001018
61001019
61001020
61001021
61003001
61003002
61003016
61003017
61003018
62001001
62001002
62001003
62001004
62001005
62001006
62001007
62002002
62002003
62002004
62002005
62002006
62002007
62002008
62002009
62002010
62002011
62002012
62002013
62002014
62002015
62002016
62002017
62002019
62002020
62002021
62002024
62002025
62002026
62002027
62002028
62002029
62003001
62003002
62003003
62003004
62003005
62003007
62003009
62003010
62003011
62003012
62003013
62003014
62003015
62003016
62003017
62003018
62003019
62003020
62003021
62003022
62003023
62003024
62004001
62004005
62004006
62004007
62004008
62004009
62004010
62004011
62004012
62004014
62004015
62004016
62004017
62004018
62004019
62004020
62004021
62005001
62005002
62005003
62005004
62005005
62005006
62005007
62005008
62005009
62005010
62005016
62005017
62005018
62005019
62005020
62005021
65001001
65001002
65001003
65001004
65001005
65001006
65001007
65001008
65001009
65001010
65001011
65001012
65001013
65001014
65001015
65001016
65001017
65001018
65001019
65001020
65001021
65001025
66003001
66003002
66003003
66003004
66003005
66003006
66003007
66003008
66003009
66003010
66003011
66003012
66003013
66003014
66003017
66003018
66003019
66003020
66003021
66003022
66013002
66013003
66013004
66013005
66013006
66013012
66013016
66013017
