40001002
40001003
40001004
40001005
40001006
40001007
40001008
40001009
40001010
40001011
40001012
40001013
40001014
40001015
40001016
40005034
40005035
40009020
40009021
40010021
40010022
40010030
40010031
40011029
40011030
40012033
40012034
40012035
40014003
40014004
40022045
41003017
41003018
41003019
41005007
41005008
41005027
41005028
41006006
41006017
41006018
41007008
41012037
41013012
41013013
42002006
42002007
42003001
42003002
42006033
42006034
42007004
42007005
42008028
42008029
42009043
42011047
42011048
42020005
42020006
42020018
42020030
42020031
42020044
42023050
42023051
43004007
43004008
43005045
43005046
43006023
43006024
43008052
43008053
43013019
43013020
43016004
43019020
43019021
43019037
44001014
44001021
44001022
44002034
44002035
44002036
44004012
44004027
44004028
44004034
44004035
44004036
44004037
44007049
44007050
44008001
44008002
44009019
44010019
44010020
44010045
44010046
44012003
44012004
44015024
44015025
44015026
44015027
44015028
44015029
44016020
44016021
44018025
44018026
44020026
44020027
44023006
44023007
44023008
44023026
44023027
44023028
44023029
44023030
45001003
45001004
45001018
45001019
45002001
45002002
45002014
45002015
45003021
45003022
45004002
45004003
45007024
45007025
45008037
45008038
45008039
45009011
45009012
45009016
45009017
45009018
45009029
45010006
45010007
45010008
45010009
45010010
45010011
45010012
45010013
45010019
45010020
45010021
45011036
45012021
45014007
45014008
45014012
45015010
45015011
45015012
46001014
46001015
46001016
46002015
46002016
46003012
46003013
46005003
46005004
46005012
46005013
46007012
46007013
46007014
46007015
46007016
46007036
46007037
46009001
46009002
46012008
46012009
46012010
46012011
46015015
46015016
46015055
47001013
47001014
47003014
47003015
47004010
47004011
47004014
47004015
47006017
47010003
47010004
47010013
47010014
47010015
49001009
49001010
49004009
49004010
49005011
49005012
50001022
50001023
52005004
52005005
53002003
53002004
54006002
54006015
55001016
55001017
55001018
58001006
58001007
58001008
58001010
58001013
58001014
58002009
58002013
58004005
58005006
58006015
58006019
58006020
58007001
58007002
58007013
58007014
58007018
58007019
58007022
58009016
58009017
58010005
58010006
58010007
58010008
58010009
58010010
58010018
58010039
58011017
58011018
58011034
58012027
58012028
58012029
58013006
59001007
59001008
59004015
59004016
60001018
60001019
60002007
60002008
60002023
60002024
60002025
60004019
60005006
60005007
61001013
61001014
61001017
61001018
62005009
62005010
62005011
62005012
65001003
65001004
66002002
66002003
66002004
66002005
66002006
66002007
66002009
66002010
66002011
66002013
66002014
66002015
66002016
66002017
66002019
66002020
66002021
66002022
66002023
66002024
66002025
66002026
66002027
66002028
66002029
66003002
66003003
66003004
66003005
66003006
66003008
66003009
66003010
66003011
66003012
66003013
66003015
66003016
66003017
66003018
66003019
66003020
66003021
66003022
66017006
