40014004	
40027053	
40027058	
41006018	
41006031	
41008019	
41010034	
41015043	
42001002	
42001009	
42003002	
42004007	
42008002	
42009031	
42019042	
42023051	
43001025	
43004002	
43004003	
43009019	
43010015	
43011002	
44001022	
44004035	
44012004	
44013033	
44013039	
44019012	
45003026	
45008039	
45009012	
45009013	
46005013	
46007011	
46010004	
47001014	
47001016	
47012004	
48001002	
50003009	
52003002	
58011018	
59001008	
61002008	
65001018	
65001025	
66002027	
66002028	
66004010	
66020003	
66022002	
