01001015	
01002020	
01006020	
01014009	
01015003	
01017025	
01021021	
01024030	
01030039	
01031018	
01038005	
01040002	
01044031	
02001021	
02005014	
02028034	
02039026	
02040021	
03011005	
03011006	
03011011	
03011012	
03011014	
03011015	
03011016	
03011017	
03011018	
03011019	
03020016	
03024011	
03024016	
04001021	
04001023	
04001025	
04001027	
04001029	
04001031	
04001033	
04001034	
04001035	
04001037	
04001039	
04001041	
04001043	
04003010	
04007020	
04007021	
04007022	
04007023	
04007026	
04007027	
04007028	
04007029	
04007032	
04007033	
04007034	
04007035	
04007038	
04007039	
04007040	
04007041	
04007044	
04007045	
04007046	
04007047	
04007050	
04007051	
04007052	
04007053	
04007056	
04007057	
04007058	
04007059	
04007062	
04007063	
04007064	
04007065	
04007068	
04007069	
04007070	
04007071	
04007074	
04007075	
04007076	
04007077	
04007080	
04007081	
04007082	
04007083	
04010013	
04014037	
04015023	
04024022	
04026020	
04026058	
04027017	
04034015	
04036011	
05004049	
05012030	
05017011	
05025014	
05027006	
05031020	
05032045	
05033009	
05033021	
06003015	
06003016	
06010002	
06010042	
06021002	
06021039	
06023013	
07001005	
07001023	
07001032	
07008030	
07013016	
07017003	
07020023	
07020024	
07020028	
07021011	
08001002	
08004019	
08004020	
08004021	
08004022	
09004022	
09017014	
09020016	
09025005	
10006004	
10011003	
10011004	
10013038	
10019002	
10023028	
11008039	
11010002	
11015007	
11020003	
11022037	
12017041	
12024004	
12025021	
13003011	
13003012	
13003013	
13003014	
13004004	
13004018	
13005002	
13005003	
13005005	
13005006	
13006021	
13006023	
13006024	
13006026	
13006027	
13006030	
13006051	
13006052	
13006053	
13006059	
13006069	
13006073	
13006075	
13006079	
13006081	
13007021	
13007026	
13007027	
13022016	
13024008	
13024009	
13024010	
13024011	
13024012	
13024013	
13024014	
13024015	
13024016	
13024017	
13024018	
13025010	
13025011	
13025012	
13025013	
13025014	
13025015	
13025016	
13025017	
13025018	
13025019	
13025020	
13025021	
13025022	
13025023	
13025024	
13025025	
13025026	
13025027	
13025028	
13025029	
13025030	
13025031	
14006030	
14022004	
14034013	
15002002	
15004010	
15004011	
15005004	
15005008	
15007009	
15008003	
15010016	
16007007	
16009005	
17007009	
17009017	
18003002	
18004002	
18006002	
18007010	
18008002	
18009002	
18011002	
18012002	
18015002	
18016002	
18018002	
18019002	
18019015	
18020002	
18021002	
18021033	
18022002	
18022014	
18023002	
18025002	
18026002	
18027002	
18029002	
18034002	
18034015	
18035002	
18036002	
18040001	
18040003	
18040005	
18042002	
18042017	
19002012	
19054008	
19062012	
19062013	
19069036	
19069037	
19144011	
21001002	
21001017	
21004015	
22005006	
23001014	
23003019	
23003020	
23003021	
23003022	
23003023	
23004003	
23004006	
23007006	
23007009	
23008002	
23009020	
23029006	
23033023	
23055009	
23066018	
24005014	
24010018	
24021002	
24021012	
24022011	
24023029	
24027020	
24027021	
24029002	
24030022	
24032010	
24033005	
24034019	
24039006	
24045003	
24051035	
24052027	
26001002	
26001003	
26001009	
26007006	
26009006	
26010008	
26020036	
26023015	
26032023	
26032025	
26032027	
26033026	
26038022	
26039027	
26040002	
26040009	
26040030	
26040043	
26041010	
26041017	
26041024	
26042008	
26046022	
26048002	
26048003	
26048004	
26048005	
26048006	
26048007	
26048022	
26048024	
26048025	
26048026	
26048027	
26048031	
26048032	
26048033	
26048034	
27002042	
27005003	
27005031	
28004018	
28005002	
28008006	
28012004	
30005009	
31001020	
32001011	
32003004	
33004007	
34002012	
35003018	
36002009	
37001003	
37001015	
38002007	
38002009	
38013009	
40021025	
41011030	
42012036	
42021035	
42023051	
43004008	
43007038	
43009014	
43010015	
43013003	
43013004	
43014017	
44014007	
44015035	
44025005	
45001004	
45001007	
45009012	
45009013	
46001002	
46001003	
46005013	
46006010	
47001002	
48001002	
48001003	
48001016	
49001008	
50001023	
51001002	
52002012	
53001002	
54001002	
54001019	
55001002	
59002003	
65001025	
66002023	
66002028	
66004010	
