40002010	
40008009	
40009021	
40014004	
41001002	
41002026	
41005028	
41006015	
41006018	
41008009	
42001002	
42001009	
42002002	
42002005	
42002030	
42004007	
42007008	
42008028	
42008029	
42008039	
42008042	
42009031	
42014002	
42016021	
42023045	
42023051	
42024010	
42024021	
43004024	
43004040	
43009014	
43010015	
44001003	
44001022	
44013039	
44019014	
45001010	
45002029	
45003029	
45004018	
45004020	
45007025	
45009012	
46005013	
46016007	
47001014	
47001016	
47012004	
49001016	
52003002	
58006005	
58006006	
58006014	
58007014	
58011018	
65001018	
66007006	
66007007	
66007008	
