01001004	
01001005	
01002005	
01006002	
01006007	
01007009	
01009009	
01009010	
01009013	
01010012	
01010014	
01012019	
01013003	
01013004	
01014006	
01014009	
01018003	
01022016	
01023002	
01023009	
01023011	
01023018	
01024017	
01024030	
01027044	
01031018	
01031046	
01032015	
01033019	
01034002	
01034014	
01035010	
01036021	
01037015	
01037030	
01039014	
01039021	
01040005	
01044031	
01045026	
01048018	
01050017	
02001002	
02001004	
02001005	
02006018	
02006019	
02006029	
02007004	
02010002	
02014020	
02015016	
02016007	
02018003	
02018010	
02019011	
02021019	
02024010	
02026021	
02026027	
02027015	
02028012	
02028014	
02029009	
02030021	
02030035	
02031010	
02031013	
02034009	
02035005	
02035031	
02036005	
02036026	
02036028	
02036032	
02038015	
02038026	
02039007	
02040023	
02040025	
02040027	
03001002	
03002002	
03004002	
03004012	
03004020	
03006002	
03006003	
03006004	
03006005	
03007023	
03007029	
03007031	
03009004	
03009020	
03011002	
03011003	
03011015	
03011016	
03013010	
03013019	
03013048	
03013052	
03014020	
03014022	
03014027	
03014031	
03014055	
03014056	
03015033	
03016033	
03017004	
03017009	
03018002	
03019002	
03020002	
03021012	
03021019	
03021020	
03022005	
03022006	
03022016	
03023002	
03023010	
03023024	
03023034	
03024012	
03025002	
03026004	
03026041	
03027002	
03027003	
04001003	
04001018	
04002004	
04002006	
04002007	
04002008	
04002011	
04002013	
04002014	
04002015	
04002019	
04002021	
04002022	
04002023	
04002026	
04002028	
04002029	
04002030	
04003003	
04003047	
04004025	
04004048	
04005012	
04005013	
04005015	
04005030	
04012006	
04013014	
04013015	
04014007	
04014023	
04015002	
04015003	
04015004	
04015005	
04015018	
04015019	
04015023	
04015024	
04015038	
04016002	
04016007	
04018026	
04020016	
04021005	
04021015	
04021020	
04022005	
04025008	
04026020	
04027016	
04027017	
04028002	
04028013	
04028021	
04028029	
04029004	
04029010	
04029015	
04030002	
04030004	
04030007	
04030011	
04031012	
04031015	
04031023	
04031034	
04031035	
04031037	
04031038	
04031039	
04031040	
04031043	
04031045	
04031046	
04031049	
04032004	
04032021	
04032038	
04033016	
04033017	
04033018	
04033019	
04033020	
04033021	
04033022	
04033023	
04033024	
04033025	
04033026	
04033027	
04033028	
04033029	
04033030	
04033031	
04033032	
04033033	
04033034	
04033035	
04033042	
04033043	
04033044	
04033045	
04033046	
04033047	
04033051	
04033052	
04034002	
04034004	
04034008	
04034009	
04035002	
04035010	
04035011	
04035021	
04035023	
04035024	
04035027	
04036011	
05001031	
05001035	
05001036	
05002017	
05002018	
05002029	
05002033	
05004042	
05004043	
05004045	
05004046	
05006012	
05006019	
05010013	
05011009	
05011032	
05012009	
05012030	
05013002	
05013007	
05014012	
05014013	
05014014	
05014015	
05014016	
05014017	
05014018	
05015005	
05016022	
05019003	
05019009	
05020003	
05022014	
05022016	
05024003	
05028048	
05029015	
05030020	
05031011	
05032046	
06002009	
06002018	
06003003	
06003016	
06004005	
06004007	
06008004	
06008031	
06009004	
06010018	
06012011	
06012012	
06012016	
06012017	
06012023	
06012024	
06013003	
06013004	
06013006	
06013010	
06013016	
06013025	
06013030	
06015003	
06015006	
06015027	
06015028	
06015030	
06015031	
06015038	
06015039	
06015043	
06015044	
06015053	
06015054	
06015056	
06015057	
06016006	
06018002	
06018027	
06018028	
06019004	
06019005	
06019008	
06019014	
06019020	
06019021	
06019027	
06019030	
06019043	
06019044	
06019050	
06021010	
06021014	
06021015	
06021016	
06021018	
06021022	
06021024	
06021029	
06021031	
06021035	
06021037	
06021039	
06022002	
06023016	
07004013	
07006008	
07006037	
07009048	
07011005	
07011015	
07011031	
07017011	
07019003	
07019011	
07020003	
07020023	
07020028	
07020039	
07021003	
08001005	
08003016	
09008005	
09013002	
09017035	
09017051	
09018027	
09020015	
09020025	
09025006	
09027010	
09030002	
09030008	
09030029	
09030030	
09030031	
10003010	
10003029	
10003030	
10004007	
10004008	
10007011	
10008012	
10011019	
10011020	
10012025	
10017028	
10020016	
10021009	
10023039	
11001047	
11001048	
11002014	
11006024	
11006025	
11006026	
11006034	
11007018	
11008042	
11009021	
11020017	
12003017	
12004019	
12005020	
12008029	
12010003	
12010013	
12010033	
12013016	
12017008	
12019006	
12022006	
12022016	
12022019	
12024004	
13001012	
13001014	
13001015	
13001016	
13001021	
13001022	
13001023	
13001026	
13001027	
13001029	
13001030	
13001031	
13001052	
13001053	
13001054	
13002023	
13002045	
13002049	
13002053	
13002055	
13003007	
13003008	
13004012	
13004018	
13004022	
13004029	
13004030	
13004031	
13004033	
13004035	
13004036	
13004037	
13004038	
13004040	
13005006	
13005008	
13006055	
13006056	
13006057	
13006058	
13006059	
13006068	
13006069	
13006073	
13006075	
13006079	
13006081	
13008007	
13008009	
13008013	
13008015	
13008016	
13008018	
13008020	
13008021	
13008023	
13008024	
13008025	
13008027	
13008032	
13009011	
13009018	
13009019	
13009041	
13010014	
13011011	
13011041	
13011042	
13012013	
13012014	
13015024	
13016013	
13017010	
13022016	
13023005	
13023031	
13024021	
13024025	
13026005	
13026011	
13026017	
13026022	
13028018	
13029005	
13029027	
14002009	
14003012	
14003013	
14006002	
14007009	
14011006	
14013015	
14017004	
14018003	
14019009	
14020023	
14021013	
14022006	
14022012	
14023003	
14026013	
14030019	
14034007	
14034024	
14035027	
15001008	
15002011	
15002012	
15002020	
15002021	
15002030	
15002031	
15002047	
15002048	
15002062	
15004010	
15005007	
15007007	
15007009	
15008020	
15009011	
15010036	
15010037	
15010039	
15010040	
15010042	
15010043	
16002012	
16003026	
16004017	
16007014	
16007015	
16007064	
16007069	
16009019	
16010005	
16010006	
16010010	
16010018	
16010019	
16010021	
16010022	
16010024	
16010025	
16010029	
16011004	
16011005	
16011008	
16011011	
16011013	
16011014	
16011034	
16011035	
16012005	
16012006	
16012029	
16012035	
16012036	
16013005	
17001002	
17001011	
17006008	
17008012	
17009007	
17009008	
17009009	
17009010	
17009027	
18003002	
18013021	
18021033	
18022018	
18038040	
19012005	
19017009	
19044017	
19046004	
19049007	
19049009	
19049010	
19055004	
19076010	
19095009	
19102011	
19102021	
19102023	
19103018	
19105006	
19107002	
19135002	
21008017	
23007016	
23007022	
23010002	
23014004	
23025005	
23029006	
23032015	
23035002	
23037019	
23062007	
23065007	
24002002	
24002035	
24007002	
24009026	
24011002	
24011003	
24016004	
24018008	
24018010	
24019011	
24027020	
24027022	
24032014	
24033005	
24033011	
24034002	
24034019	
24035013	
24037007	
24037012	
24039014	
24041002	
24041005	
24041014	
24042002	
24043002	
25005022	
26006002	
26006003	
26010008	
26016024	
26017004	
26017014	
26018011	
26018016	
26023006	
26023030	
26024021	
26025011	
26028007	
26036002	
26037021	
26040046	
26041010	
26041016	
26041018	
26042006	
26042008	
26042009	
26042017	
26042018	
26042019	
26043015	
26043016	
26043024	
26047014	
26048022	
26048031	
27004029	
27004030	
27007002	
27009002	
27010021	
30003011	
36002009	
38007009	
38012013	
38012014	
38013002	
39001003	
39002002	
40002011	
40002015	
40004013	
40013019	
40014019	
40014033	
40015017	
40015036	
40022038	
40026004	
40027034	
41002026	
41003008	
41003014	
41003015	
41005007	
41005042	
41006018	
41006028	
41006055	
41008010	
42001002	
42001027	
42001042	
42001055	
42001074	
42001075	
42001078	
42002005	
42002006	
42002026	
42002031	
42002037	
42004002	
42004006	
42007019	
42008002	
42008033	
42011054	
42017012	
42017013	
42017016	
42018002	
42020002	
42020031	
42020043	
42021035	
42022008	
42022011	
42022046	
42022068	
42023025	
42023045	
42024046	
43004008	
43004044	
43008004	
43010013	
43010015	
44001002	
44001022	
44001025	
44002035	
44003010	
44004035	
44006004	
44007010	
44007040	
44009002	
44009012	
44009019	
44013008	
44013018	
44014010	
44014022	
44020003	
44024003	
44026018	
45001004	
45009002	
45009011	
45009012	
45015009	
45015016	
45015019	
46001002	
46010004	
46010033	
46012010	
47001014	
47012004	
49001005	
49001019	
49002015	
49003015	
49005027	
50001011	
50002015	
50002016	
50003009	
50003014	
51001002	
51001004	
51001012	
51002022	
51003010	
52002012	
52003002	
52004005	
52005017	
52005018	
53001008	
53001010	
53002017	
54003015	
57001010	
58007019	
58012019	
59001024	
60002005	
60003019	
61002010	
61003012	
62002006	
62003020	
62005008	
65001015	
65001025	
66001005	
66002027	
66010003	
66012017	
66016011	
66020003	
66020006	
66022002	
