40001003	
40001004	
40001005	
40001007	
40001008	
40001009	
40001010	
40001011	
40001013	
40001014	
40001015	
40001016	
40001023	
40002010	
40022032	
41008009	
42001055	
42001078	
42002031	
42011051	
42022030	
44001022	
44004006	
44013033	
45001010	
45004017	
45006018	
45009023	
45011014	
45015006	
45015009	
45015016	
45015019	
45015031	
46005013	
46010033	
46012025	
47008004	
47013003	
48004005	
48004011	
49001006	
49001010	
49001017	
49001020	
49001021	
49003009	
49003011	
49003015	
49003016	
49003017	
49003018	
49003019	
50001004	
50001005	
50001010	
50001011	
50002015	
51001004	
51001005	
51001007	
51001011	
51001012	
51001020	
51001022	
51002003	
51002007	
51003024	
52001003	
52001010	
52002012	
52004005	
52004011	
52005013	
52005020	
52005026	
53001007	
53001008	
53001010	
56001014	
56002004	
56002005	
56002008	
56002010	
56002013	
57001005	
58009020	
65001015	
66001005	
