40001003	
40001004	
40001005	
40001007	
40001008	
40001009	
40001010	
40001011	
40001013	
40001014	
40001015	
40001016	
40002010	
40014004	
41001044	
41002026	
41005008	
41005028	
41006008	
41006009	
41006010	
41006011	
41006018	
41006019	
41006020	
41007026	
41010030	
41012011	
41014014	
41014015	
41015025	
42001009	
42001010	
42001075	
42002037	
42002042	
42005008	
42005009	
42005010	
42008003	
42008029	
42009003	
42009004	
42009005	
42009031	
42011006	
42016005	
42018030	
42023045	
42023051	
43001033	
43004002	
43004007	
43004008	
43007038	
43009014	
43010015	
44001022	
44002010	
44002011	
44009012	
44010041	
44012004	
44018020	
44018021	
44024008	
44028026	
44028027	
44028028	
45002006	
45002013	
45002016	
45002020	
45004025	
45009012	
45010015	
46005004	
46005013	
46006003	
46007004	
46007013	
46007014	
46015031	
46015052	
47001014	
47001016	
47004011	
47009002	
48001002	
48004013	
49001016	
49002009	
49004016	
49006022	
50001023	
50002016	
55003007	
56002013	
56003005	
57001024	
58008011	
58008012	
58012019	
58012020	
58012021	
58013021	
59001008	
59005020	
60003002	
61001014	
61003012	
62002006	
66002027	
66005010	
66014010	
66014020	
