40007010	
40013032	
40014004	
41001044	
41002026	
41005028	
41006028	
41006050	
41007026	
41009006	
41009031	
41015030	
41015043	
41016011	
42001071	
42002037	
42011012	
42011051	
42015006	
42017013	
42018030	
42022064	
42023051	
43001044	
43011002	
43011006	
44001017	
44001022	
44003020	
44008011	
44013033	
45007025	
45008021	
45009007	
45009012	
45009033	
45015023	
46005004	
46005013	
46007011	
46010029	
47001014	
47008014	
47010002	
47012004	
49001008	
49001016	
50001005	
50001019	
50003009	
53002017	
54001010	
54001016	
54003015	
59001008	
59001015	
59001024	
59002003	
59002016	
59005020	
66014020	
