40009021	
40017023	
40026028	
40027010	
41001002	
41001003	
41001004	
41001044	
41002010	
41002011	
41003014	
41003015	
41003029	
41004027	
41004032	
41005007	
41005008	
41005028	
41006009	
41006018	
41006019	
41006040	
41007012	
41007022	
41007026	
41008009	
41009013	
41010007	
41010008	
41012044	
41013010	
41014002	
41014005	
41015025	
41015041	
41015043	
42001055	
42001074	
42001079	
42002037	
42005010	
42006015	
42006016	
42012036	
42015006	
42016021	
42023019	
42023051	
43004002	
43004008	
43005033	
43006023	
43011002	
43012031	
43012032	
43013032	
44001002	
44008028	
44010038	
44010041	
44011024	
44013033	
44013039	
44018010	
44020006	
45003026	
45004025	
45009012	
45016026	
46003023	
46005004	
46005013	
46006010	
46010004	
46013010	
46015052	
47001016	
47002006	
47010005	
49001017	
49002009	
49003010	
49005012	
50003009	
50003011	
51001002	
51001012	
52002002	
52002015	
52002020	
52004003	
52005006	
53001007	
53002017	
54002002	
54003015	
54005010	
54005025	
55004002	
55004012	
56001013	
58006002	
58007003	
58007010	
58011012	
58011018	
58013011	
58013012	
58013013	
58013021	
59001008	
59002013	
59002016	
59002017	
60001019	
60002014	
62005008	
66002025	
66007006	
66007007	
66007008	
