40010006	
40011007	
40021005	
40026007	
41005007	
41005008	
41006006	
41006018	
41006056	
41007007	
41012007	
41012039	
41012040	
42001002	
42001009	
42001055	
42002031	
42003002	
42008002	
42024007	
43001002	
43001020	
43002002	
43003015	
43004002	
43004003	
43004008	
43004022	
43004023	
43004024	
43006006	
43011002	
43011006	
43014017	
43015027	
43021002	
44001022	
44004035	
44006003	
44008002	
44016020	
45001003	
45001010	
45002015	
45003030	
45004005	
45004019	
45007025	
45008025	
45009012	
45015016	
47001014	
48001004	
48001023	
48003022	
49003015	
50001005	
52001010	
54001011	
54001013	
54006016	
55001002	
55001017	
56001002	
56001003	
56001004	
58009003	
59002003	
60002008	
60003020	
60003022	
65001004	
65001025	
66001005	
66002027	
66002028	
66003016	
