40007014	
40013042	
40013055	
40015008	
41005008	
41015043	
41016004	
42001009	
42002007	
42003002	
42005009	
42008029	
42019002	
42023051	
43003015	
43004002	
43004003	
43004008	
43009014	
43010002	
43011002	
43012013	
43012014	
43019026	
43019041	
44001017	
44001022	
44004037	
44008002	
44013039	
45001010	
45007025	
45009003	
45009012	
45015024	
46003022	
46005005	
46005013	
46006006	
46014034	
47001014	
47001016	
49001016	
49002009	
49006022	
50001004	
50002015	
51004008	
58011018	
58013021	
59001003	
59001008	
61001014	
62003020	
66001005	
66002027	
66002028	
66011003	
66020003	
66020006	
