40001023	
40002006	
40002015	
40002018	
40003002	
40005045	
40006004	
40006018	
40008006	
40008017	
40012017	
40013035	
40015006	
40020012	
40021005	
40022032	
40022042	
40028017	
41003015	
41004012	
41007007	
41009048	
41012011	
41014005	
41014058	
41015043	
42001002	
42001003	
42001004	
42002031	
42004010	
42004011	
42004018	
42004019	
42020043	
42022030	
42024007	
42024034	
43003015	
43004002	
43004003	
43005023	
43010015	
43012015	
43012038	
43012040	
43014017	
43015024	
44001002	
44001022	
44001025	
44002011	
44002035	
44003020	
44004006	
44005023	
44007018	
44007032	
44007049	
44007050	
44007053	
44010035	
44011014	
44013039	
44014022	
44015016	
44015017	
44015018	
44015026	
44015029	
44017020	
44018010	
44020019	
44020021	
44020030	
44021028	
44022024	
44024003	
44024021	
44026003	
44026018	
44026023	
45001010	
45002020	
45004017	
45004021	
45005004	
45008039	
45009003	
45009012	
45009033	
45015006	
45015009	
45015016	
45015019	
46001006	
46005004	
46007011	
46011015	
46015052	
46016016	
47001014	
47010005	
48001016	
49001020	
49003010	
49003015	
49003017	
49003021	
49006003	
49006015	
50001005	
50001010	
50002015	
50003009	
50003011	
51002021	
53001007	
53001010	
53002012	
53002017	
54002002	
54002004	
54002010	
54006004	
55003007	
55003017	
56001014	
56002005	
56003002	
56003007	
56003011	
57001005	
57001013	
58003009	
58006002	
58006005	
58009020	
58011018	
59001003	
59001008	
60001009	
60001016	
60001019	
60002003	
60003002	
61002010	
62003020	
63001002	
65001015	
65001025	
66002027	
