40002011	
40002015	
40004013	
40013019	
40014019	
40014033	
40015017	
40015036	
40022038	
40026004	
40027034	
41002026	
41003008	
41003014	
41003015	
41005007	
41005042	
41006018	
41006028	
41006055	
41008010	
42001002	
42001027	
42001042	
42001055	
42001074	
42001075	
42001078	
42002005	
42002006	
42002026	
42002031	
42002037	
42004002	
42004006	
42007019	
42008002	
42008033	
42011054	
42017013	
42017016	
42018002	
42020002	
42020031	
42020043	
42021035	
42022008	
42022011	
42022046	
42022068	
42023025	
42023045	
42024046	
43004008	
43004044	
43008004	
43010013	
43010015	
44001002	
44001022	
44001025	
44002035	
44003010	
44004035	
44006004	
44007010	
44007040	
44009002	
44009012	
44009019	
44013008	
44013018	
44014010	
44014022	
44020003	
44024003	
44026018	
45001004	
45009002	
45009012	
45015009	
45015016	
45015019	
46001002	
46010004	
46010033	
46012010	
47001014	
47012004	
49001005	
49001019	
49002015	
49003015	
49005027	
50001011	
50002015	
50002016	
50003009	
50003014	
51001002	
51001004	
51001012	
51002022	
51003010	
52002012	
52003002	
52004005	
52005002	
52005005	
52005027	
53001008	
53001010	
53002017	
54003015	
57001010	
58007019	
58012019	
59001024	
60002005	
60003019	
61002010	
61003012	
62002006	
62003020	
62005008	
65001015	
65001025	
66001005	
66002027	
66010003	
66016011	
66020003	
66020006	
66020015	
66022002	
