40007005	
40010020	
40012004	
40014004	
40021025	
41001037	
41001044	
41002026	
41003029	
41003030	
41004019	
41005003	
41005008	
41005028	
41006006	
41006009	
41006018	
41006019	
41006023	
41007026	
41007037	
41009018	
41009022	
41011030	
41012011	
41013013	
42001002	
42001004	
42001025	
42001027	
42001041	
42001043	
42001044	
42001049	
42001055	
42001075	
42002009	
42002011	
42002023	
42002024	
42002030	
42002035	
42002037	
42004007	
42004010	
42004011	
42005010	
42006004	
42006040	
42006047	
42007005	
42011051	
42012036	
42012050	
42012051	
42016028	
42020004	
42021038	
42022064	
42023045	
42023051	
43001009	
43004008	
43005044	
43005047	
43006051	
43006069	
43009005	
43009014	
43010002	
43010003	
43010015	
43011002	
43011011	
43014017	
43015010	
43015019	
43019036	
43019037	
44001002	
44001025	
44005006	
44007050	
44010035	
44015027	
44023013	
44024019	
44028015	
45001004	
45001010	
45002016	
45003028	
45004019	
45005007	
45005014	
45006004	
45006010	
45008039	
45009002	
45009003	
45009012	
45009013	
46001002	
46002005	
46005013	
46006010	
46015026	
46015027	
47001016	
47006012	
47012004	
48001016	
48004025	
49001008	
49001012	
49002005	
49006003	
51001002	
51001012	
52001010	
52002012	
52005002	
54001002	
54001013	
54001019	
54004002	
54004005	
54005012	
55003015	
57001009	
57001010	
58002004	
58006005	
58006006	
58007014	
58007019	
58009010	
58013021	
59001008	
59002003	
60001019	
60002003	
60003020	
61001018	
61003006	
62002006	
62003020	
62003022	
62005005	
65001025	
66001005	
66004010	
66019008	
66020013	
