40001003	
40001004	
40001005	
40001006	
40001007	
40001008	
40001009	
40001010	
40001011	
40001013	
40001014	
40001015	
40001016	
40017015	
40018003	
40019005	
40022024	
40023007	
40024049	
40026068	
41009045	
41009047	
41011028	
41012039	
41014052	
41015030	
41015043	
41016004	
42001074	
42004011	
42004017	
42018030	
42023045	
42023051	
42024007	
42024010	
42024034	
42024043	
43004044	
44001002	
44001013	
44001017	
44001022	
44004022	
44004037	
44008002	
44013029	
44014007	
44015035	
44023013	
44024008	
44026005	
45001004	
45001015	
45003026	
45007010	
45009008	
45009012	
45009032	
45015026	
46003013	
46003022	
46005004	
46009009	
46010029	
47002016	
47004011	
48001002	
49001008	
49002005	
49003021	
49004021	
49006022	
50001025	
54004009	
58006005	
58006006	
58007021	
58010004	
58011018	
59001008	
59003010	
61002008	
65001025	
66002028	
66007002	
66020006	
