40001003	
40001004	
40001005	
40001007	
40001008	
40001009	
40001010	
40001011	
40001013	
40001014	
40001015	
40001016	
40002010	
40013006	
40027056	
41001044	
41003010	
41004006	
41006009	
41007012	
41008009	
41008019	
41009031	
41016004	
42001049	
42001074	
42002037	
42004007	
42004019	
42008042	
42011006	
42020043	
42021035	
42023051	
43005003	
43010015	
43012011	
44001002	
44001022	
44001025	
44002020	
44002027	
44002035	
44004037	
44007010	
44008028	
44013033	
44013039	
44017003	
44018010	
44020027	
44027017	
45001010	
45003023	
45003026	
45008021	
45009003	
45009012	
45015016	
45015019	
46003003	
46005013	
46010007	
46010029	
46015052	
47001011	
47001014	
47006007	
47008014	
47012004	
49001020	
49005030	
49006003	
50002016	
50003009	
51001012	
52004005	
53002017	
54001019	
54002002	
54002013	
54005012	
57001002	
58003008	
58012029	
58013021	
59001008	
59001024	
59005020	
60001009	
61003012	
62003020	
62005008	
63001002	
66002027	
66002028	
66007006	
66007007	
66007008	
