01001007	
01001012	
01001025	
01002020	
01005002	
01006002	
01006010	
01006020	
01007007	
01007008	
01007009	
01007010	
01007011	
01007012	
01007015	
01007022	
01007023	
01008016	
01009016	
01009025	
01010017	
01010018	
01011004	
01013004	
01014009	
01015003	
01015019	
01015020	
01015021	
01016003	
01017010	
01017011	
01017012	
01017013	
01018004	
01019019	
01019020	
01020010	
01021002	
01021021	
01021029	
01022021	
01022022	
01022023	
01023002	
01023006	
01023015	
01024016	
01024030	
01025008	
01025010	
01027007	
01028007	
01028008	
01028017	
01029012	
01030008	
01030032	
01031009	
01031018	
01031019	
01031020	
01031021	
01031024	
01031025	
01031037	
01032002	
01032024	
01034020	
01035014	
01035029	
01036011	
01036012	
01036013	
01036016	
01036021	
01036026	
01036030	
01036041	
01036042	
01036043	
01037014	
01038004	
01038005	
01040002	
01041031	
01041035	
01041046	
01042008	
01043022	
01044031	
01046004	
01046006	
01046007	
01046024	
01046025	
01049025	
01049030	
02001014	
02001021	
02002016	
02004026	
02006007	
02006029	
02007004	
02007005	
02007012	
02009030	
02009032	
02010005	
02012020	
02012036	
02012041	
02013005	
02013007	
02013018	
02013022	
02014007	
02014008	
02014028	
02014031	
02016008	
02016012	
02017006	
02018003	
02018004	
02018016	
02019002	
02019006	
02019015	
02022003	
02022004	
02022011	
02023011	
02025019	
02026019	
02026020	
02026021	
02026027	
02027005	
02027015	
02029016	
02030020	
02030021	
02036024	
02036025	
02036026	
02036032	
02038005	
02038015	
02038026	
03001016	
03003008	
03003010	
03003015	
03006007	
03006017	
03007034	
03009020	
03009021	
03011005	
03011006	
03011011	
03011014	
03011015	
03011016	
03011017	
03011018	
03011019	
03011030	
03011042	
03013013	
03013015	
03013041	
03013044	
03013048	
03013049	
03014031	
03014052	
03014055	
03014056	
03015022	
03015023	
03015033	
03016022	
03017004	
03018002	
03018013	
03018027	
03019002	
03021012	
03022027	
03023002	
03023010	
03023024	
03023027	
03023034	
03025019	
03026035	
03026041	
04001003	
04001021	
04001022	
04001023	
04001024	
04001025	
04001026	
04001027	
04001028	
04001029	
04001030	
04001031	
04001032	
04001033	
04001034	
04001035	
04001036	
04001037	
04001038	
04001039	
04001040	
04001041	
04001042	
04001043	
04001044	
04001045	
04001046	
04003013	
04003026	
04003041	
04004035	
04004036	
04004037	
04004038	
04004039	
04004040	
04004041	
04004042	
04004043	
04004044	
04004045	
04004046	
04004047	
04004048	
04007013	
04007014	
04007015	
04007016	
04007017	
04007018	
04007019	
04007020	
04007021	
04007022	
04007023	
04007024	
04007025	
04007026	
04007027	
04007028	
04007029	
04007030	
04007031	
04007032	
04007033	
04007034	
04007035	
04007036	
04007037	
04007038	
04007039	
04007040	
04007041	
04007042	
04007043	
04007044	
04007045	
04007046	
04007047	
04007048	
04007049	
04007050	
04007051	
04007052	
04007053	
04007054	
04007055	
04007056	
04007057	
04007058	
04007059	
04007060	
04007061	
04007062	
04007063	
04007064	
04007065	
04007066	
04007067	
04007068	
04007069	
04007070	
04007071	
04007072	
04007073	
04007074	
04007075	
04007076	
04007077	
04007078	
04007079	
04007080	
04007081	
04007082	
04007083	
04007085	
04007086	
04007087	
04007088	
04009018	
04011009	
04013020	
04014037	
04015031	
04016007	
04026043	
04027002	
04027003	
04027004	
04028006	
04028007	
04028029	
04032004	
04035017	
04035018	
04035023	
05001033	
05002003	
05004030	
05009005	
05014013	
05014014	
05014015	
05014016	
05014017	
05014018	
05016010	
05024013	
05027006	
05029015	
05030002	
05031002	
05033019	
06002005	
06002006	
06003013	
06003015	
06005005	
06005006	
06005007	
06006009	
06006013	
06006014	
06008023	
06008024	
06008026	
06011013	
06011014	
06011015	
06011018	
06012010	
06012011	
06012012	
06012013	
06012014	
06012015	
06012016	
06012017	
06012018	
06012019	
06012020	
06012021	
06012022	
06012023	
06012024	
06013003	
06013004	
06013005	
06013006	
06013007	
06014004	
06014005	
06016007	
06019011	
06019012	
06019048	
06021039	
06021042	
06022007	
06022008	
06022009	
06022025	
07002008	
07002009	
07009017	
07009018	
07009019	
07020021	
08001002	
08002016	
08003006	
08004019	
08004020	
08004021	
08004022	
09001010	
09001016	
09001020	
09002005	
09004014	
09004015	
09008008	
09009010	
09009011	
09009013	
09013020	
09013021	
09013022	
09014023	
09014026	
09016016	
09017014	
09017015	
09017035	
09017039	
09017049	
09017051	
09018002	
09018016	
09019010	
09020025	
09025003	
09025006	
09025008	
09025016	
09027003	
09030002	
09030003	
09030010	
09030012	
09030028	
09030029	
09030030	
09030031	
10001002	
10001015	
10001016	
10002003	
10003010	
10006004	
10007011	
10009012	
10009013	
10013038	
10017029	
10021006	
10022003	
10022006	
11001006	
11006025	
11006026	
11007003	
11007029	
11007041	
11007042	
11007043	
11007044	
11007045	
11008057	
11009005	
11010006	
11011010	
11011016	
11012027	
11014020	
11015007	
12012022	
12019021	
12024006	
12025030	
13002035	
13002044	
13003002	
13003003	
13004004	
13004018	
13004035	
13004036	
13004037	
13004038	
13005005	
13005006	
13006079	
13008007	
13008009	
13015024	
13016013	
13016017	
13017010	
13023011	
13024008	
13024009	
13024010	
13024011	
13024012	
13024013	
13024014	
13024015	
13024016	
13024017	
13024018	
13024025	
13025010	
13025011	
13025012	
13025013	
13025014	
13025015	
13025016	
13025017	
13025018	
13025019	
13025020	
13025021	
13025022	
13025023	
13025024	
13025025	
13025026	
13025027	
13025028	
13025029	
13025030	
13025031	
13026007	
13026011	
13027003	
13027004	
13027005	
13027006	
13027007	
13027008	
13027009	
13027010	
13027011	
13027012	
13027013	
13027014	
13027015	
13027017	
13027018	
13027019	
13027020	
13027021	
13027022	
13027026	
13027027	
13027028	
13027029	
13027030	
13027031	
13029007	
14003012	
14003013	
14004008	
14005012	
14005013	
14005014	
14006013	
14007018	
14009005	
14028017	
14030005	
14030019	
14036002	
14036004	
15001010	
15002003	
15002004	
15002005	
15002006	
15002007	
15002008	
15002009	
15002010	
15002011	
15002012	
15002013	
15002014	
15002015	
15002016	
15002017	
15002018	
15002019	
15002020	
15002022	
15002023	
15002024	
15002025	
15002026	
15002027	
15002028	
15002029	
15002030	
15002031	
15002032	
15002033	
15002034	
15002035	
15002060	
15002065	
15002066	
15002067	
15007002	
15007003	
15007004	
15007005	
15007010	
15010032	
15010035	
15010036	
15010037	
15010039	
15010040	
15010041	
15010042	
16007008	
16007009	
16007010	
16007011	
16007012	
16007013	
16007014	
16007015	
16007016	
16007017	
16007018	
16007019	
16007020	
16007021	
16007022	
16007023	
16007024	
16007025	
16007027	
16007028	
16007029	
16007030	
16007031	
16007032	
16007033	
16007034	
16007035	
16007036	
16007037	
16007038	
16007040	
16007041	
16007042	
16007044	
16007045	
16007047	
16007048	
16007049	
16007050	
16007051	
16007052	
16007053	
16007054	
16007055	
16007056	
16007058	
16007059	
16007062	
16007067	
16007068	
16007069	
16009002	
16010003	
16010004	
16010005	
16010006	
16010007	
16010008	
16010010	
16010011	
16010012	
16010013	
16010015	
16010016	
16010017	
16010018	
16010019	
16010020	
16010021	
16010022	
16010023	
16010024	
16010025	
16010026	
16010027	
16012002	
16012003	
16012004	
16012005	
16012006	
16012007	
16012013	
16012014	
16012015	
16012016	
16012017	
16012018	
16012019	
16012020	
16012021	
17001002	
17009008	
17009009	
17009010	
18003003	
18004011	
18007010	
18008019	
18009022	
18013002	
18014009	
18014019	
18015002	
18015003	
18018009	
18018010	
18020013	
18020019	
18021024	
18021030	
18023004	
18023009	
18023017	
18024008	
18024017	
18024019	
18027003	
18027004	
18027006	
18029010	
18031020	
18031025	
18031027	
18037022	
18038027	
18038038	
18039003	
18039025	
18039028	
18040022	
18041017	
19006010	
19007005	
19007014	
19012008	
19012009	
19018006	
19025002	
19033014	
19035014	
19042008	
19046006	
19049010	
19059005	
19059006	
19065013	
19065014	
19066014	
19066019	
19068011	
19068017	
19078024	
19078025	
19078031	
19078041	
19078050	
19080016	
19083016	
19089032	
19092008	
19094004	
19100002	
19102011	
19103016	
19103018	
19104015	
19105006	
19105010	
19106022	
19116011	
19116019	
19118009	
19118011	
19118016	
19118023	
19119006	
19119170	
19121004	
19124002	
19124003	
19124005	
19135002	
19136014	
19145006	
19145012	
19150005	
20006005	
20026019	
20026025	
20031009	
22006009	
23022010	
23033023	
23037022	
23040002	
23041014	
23045016	
23058014	
23059006	
23063009	
23063013	
24001005	
24001019	
24002002	
24003008	
24004025	
24009006	
24009026	
24011017	
24019013	
24025020	
24025021	
24025022	
24025023	
24025024	
24025025	
24025026	
24025037	
24027020	
24029025	
24030002	
24034019	
24035013	
24037007	
24037010	
24038008	
24039018	
24044025	
24046028	
24048044	
24052022	
25002022	
26004005	
26012002	
26013002	
26021004	
26021010	
26022004	
26023015	
26023035	
26023039	
26024005	
26032003	
26032025	
26033005	
26038019	
26040030	
26041009	
26041010	
26041011	
26041018	
26042018	
26042019	
26045014	
26045015	
26047014	
26048002	
26048003	
26048004	
26048005	
26048006	
26048007	
26048022	
26048024	
26048025	
26048026	
26048027	
26048031	
26048032	
26048033	
26048034	
27002009	
27002013	
27002042	
27004009	
27005003	
27006007	
27008006	
27010003	
27010021	
28002005	
28002022	
30001008	
30002003	
33003003	
36002009	
38001003	
38002007	
38007009	
38012013	
38012014	
40005024	
40007004	
40007005	
40007014	
40009013	
40010003	
40010004	
40011005	
40012004	
40012026	
40012042	
40012049	
40012050	
40013006	
40014010	
40021007	
40023033	
40024049	
40026007	
40026011	
40026050	
40026060	
41001002	
41002020	
41002028	
41004006	
41006006	
41006009	
41006018	
41006019	
41006020	
41007022	
41008009	
41014024	
41014052	
41014058	
41015038	
41015043	
41016011	
42001002	
42001003	
42001004	
42001010	
42002002	
42002011	
42002012	
42002023	
42002030	
42002031	
42002032	
42002044	
42003024	
42003025	
42003026	
42003027	
42003028	
42003029	
42003030	
42003031	
42003032	
42003033	
42003034	
42003035	
42003036	
42003037	
42003038	
42004002	
42004011	
42004026	
42005010	
42005035	
42006004	
42006015	
42006016	
42006018	
42006042	
42007025	
42007026	
42007048	
42008028	
42008029	
42008052	
42008053	
42011018	
42012036	
42012046	
42013011	
42014035	
42015002	
42015006	
42017027	
42017029	
42017030	
42017033	
42018005	
42020031	
42020032	
42020043	
42021004	
42021013	
42021030	
42021035	
42021038	
42022056	
42023051	
42024043	
43001007	
43001036	
43002025	
43004007	
43004008	
43004018	
43005029	
43005038	
43005040	
43006017	
43006020	
43006044	
43008016	
43010002	
43010013	
43010027	
43011010	
43012040	
43016027	
44001022	
44002008	
44002010	
44002011	
44002035	
44003008	
44003009	
44003014	
44004035	
44004037	
44007010	
44007021	
44007058	
44008002	
44008019	
44008028	
44011030	
44013033	
44014007	
44015026	
44019014	
44022015	
44026010	
44027026	
44028011	
45002002	
45002003	
45002015	
45003026	
45003028	
45004010	
45004019	
45004021	
45004024	
45005017	
45006004	
45006008	
45007003	
45008006	
45009007	
45009011	
45009012	
45010007	
45011024	
46002007	
46003011	
46003013	
46005004	
46005005	
46005013	
46006016	
46007013	
46007014	
46011006	
46015004	
46015016	
46015017	
47001014	
47002016	
47008014	
47010004	
47010016	
47012017	
48001012	
48004002	
48004025	
49001005	
49001012	
49003015	
49005029	
49005030	
49006007	
49006022	
50003009	
52002007	
52003002	
52005017	
52005018	
55002004	
55003011	
55004010	
58006020	
58007014	
58007021	
58011018	
58011019	
59001008	
59001024	
59002003	
59003012	
60001009	
60003002	
61001006	
61001007	
61001018	
61002008	
61003006	
61003009	
62002006	
62005007	
62005008	
62005017	
63001006	
66003016	
66014020	
66020008	
