40001023	
40002006	
40002010	
40002018	
40003002	
40005045	
40006018	
40007002	
40008017	
40014004	
40015008	
40015009	
40016025	
40020012	
40021005	
40027016	
40027017	
40027018	
40027019	
40028020	
41001044	
41003008	
41003010	
41003015	
41004012	
41005008	
41005028	
41006018	
41006019	
41006020	
41006050	
41007007	
41008035	
41009048	
41012011	
41012039	
41013036	
41015041	
42001002	
42001004	
42001025	
42001043	
42001047	
42001048	
42001049	
42001055	
42001069	
42001070	
42001073	
42001075	
42002023	
42002024	
42002030	
42002031	
42002032	
42002035	
42003005	
42003006	
42003020	
42003021	
42003022	
42004010	
42004011	
42004018	
42004019	
42005002	
42005018	
42005019	
42007005	
42008029	
42008052	
42008053	
42008054	
42009024	
42009031	
42011010	
42011044	
42011051	
42011054	
42012012	
42012034	
42014030	
42019021	
42020043	
42021004	
42021015	
42021022	
42022016	
42022018	
42022030	
42022037	
42022067	
42023045	
42023055	
42023056	
42024007	
43004008	
43005005	
43005023	
43005029	
43006038	
43006055	
43010015	
43012015	
43012040	
44001002	
44001022	
44001025	
44002011	
44002027	
44002035	
44004006	
44007018	
44007032	
44008027	
44008028	
44014022	
44018010	
44023027	
44023028	
44023029	
44023030	
44025027	
44026003	
44026023	
45001002	
45002020	
45004017	
45004021	
45004025	
45005004	
45006018	
45008032	
45009012	
45009033	
45010010	
45014008	
46001002	
46001003	
46001006	
46001011	
46001012	
46003003	
46004004	
46004020	
46005004	
46005013	
46006020	
46007011	
46007030	
46007031	
46010033	
46011012	
46011015	
46012025	
46015004	
46015025	
46015052	
46015055	
47001011	
47001014	
47005007	
47010016	
48004005	
49001019	
49002007	
49003009	
49003015	
49003017	
49003018	
49004013	
49005009	
49005010	
49005014	
49005023	
49005030	
49006003	
50001004	
50001005	
50001010	
50001011	
50001021	
50001029	
50002013	
50002015	
50002016	
50002030	
50003009	
50003011	
51001002	
51001004	
51001005	
51001011	
51001012	
51001014	
51001022	
51002021	
51003003	
51003024	
51004011	
52001010	
52002007	
52002012	
52003003	
52003010	
52004005	
52005013	
53002017	
54001010	
54002002	
54002004	
54002010	
54003015	
54004002	
54004005	
55001017	
56001002	
56001014	
56002005	
56002008	
56002010	
56002013	
56003011	
57001002	
57001003	
57001005	
58006002	
58006012	
58006014	
58007019	
58007021	
58009020	
58011018	
58011026	
58012002	
58012006	
59001003	
59001008	
60001016	
60001019	
60001021	
60001023	
60003002	
61001014	
61001021	
61002008	
61002010	
61003002	
61003012	
62002006	
62002016	
62003020	
62005004	
63001002	
65001015	
66001005	
66002025	
66002027	
66002028	
66004011	
66018016	
66018017	
66019018	
66021011	
66022002	
