01031018	
01044031	
01048010	
02001021	
07020023	
07020024	
07020028	
07021011	
09004016	
09004022	
09006015	
09014026	
09014027	
10013038	
11015007	
12009015	
12009016	
14030002	
14030003	
14030004	
14030005	
15010016	
18022014	
21003010	
21004015	
21004016	
21006005	
21008004	
21008013	
23002018	
23007009	
23029006	
23033023	
24005014	
24023029	
24027020	
24027021	
24030022	
24032010	
24033005	
24034019	
24041008	
24041009	
24045003	
24051035	
24052027	
26002010	
26020036	
26038022	
26039027	
26040030	
26040043	
26041010	
26041017	
26041024	
26042008	
26046022	
26048002	
26048003	
26048004	
26048005	
26048006	
26048007	
26048022	
26048024	
26048025	
26048026	
26048027	
26048031	
26048032	
26048033	
26048034	
30002010	
30005009	
32001011	
37001003	
37001015	
42023051	
43004008	
43010013	
46005013	
46010026	
47010002	
48001016	
52002012	
