40002010	
40013048	
40014004	
41006050	
41016004	
42002023	
42002024	
42002031	
42002035	
42002042	
42008029	
42008032	
42009031	
42012036	
42012038	
42013025	
42023051	
43001033	
43001044	
43004008	
43004022	
43006040	
43009023	
43010015	
43011002	
43013016	
43018006	
44001003	
44001005	
44001022	
44002035	
44005006	
44005013	
44005014	
44008002	
44008003	
44013005	
44014025	
44015026	
44015027	
44018010	
44018020	
44018021	
44020005	
44023013	
45002029	
45003028	
45008006	
45009012	
45015024	
46005013	
46007013	
46010029	
46011001	
46011015	
46014034	
46015016	
46015025	
46015049	
47001014	
47004011	
47012003	
48002008	
48002009	
49002016	
49002022	
49005012	
50001005	
51001027	
52001003	
52004002	
52004016	
53002017	
58001012	
58007002	
58007014	
58007021	
58010006	
58011018	
58013021	
59001011	
59002003	
61001018	
61002008	
62001002	
62002006	
62003020	
62005007	
62005008	
66001005	
66007006	
66007007	
66007008	
66011009	
66016016	
66017018	
66020003	
66020013	
