40002010	
40009021	
41005008	
41006009	
41006018	
41007022	
41008009	
41008019	
41011023	
42002031	
42002037	
42023051	
43004045	
43010015	
43011002	
43013003	
43013004	
43014017	
43019036	
43019037	
44001002	
44001017	
44001022	
44008002	
44013029	
44013039	
44014007	
44018010	
45009002	
45009003	
45009008	
45009012	
45015016	
46005004	
46005013	
46007016	
46015052	
47001011	
47001014	
47008014	
49001009	
49002005	
49006003	
50002016	
50002018	
54002002	
54004009	
55002009	
58006005	
58006006	
58007021	
58010004	
58012006	
61002008	
61003012	
62002006	
66002027	
66020006	
