40002018	
40011003	
40011017	
40014004	
40019005	
40020012	
40022032	
40027010	
41001003	
41006018	
41010040	
41015030	
42001070	
42001074	
42001075	
42002005	
42020043	
42023051	
42024048	
43003015	
43005023	
43011052	
44001022	
44002035	
44011024	
44013033	
44015018	
44024003	
44026018	
44026023	
45001010	
45004017	
45005004	
45008004	
45008021	
45008039	
45009012	
45010007	
45011014	
45015009	
45015016	
45015019	
46005004	
46012025	
46015043	
46015052	
46016016	
47001011	
47001014	
47002011	
47003008	
47006005	
47006007	
47010005	
49001008	
49001019	
49001020	
49002012	
49002015	
49003015	
49004013	
49006003	
50001010	
50001028	
50002016	
50003009	
50003011	
51001006	
51001012	
51002021	
52003003	
52005017	
52005018	
53001008	
53002002	
54002002	
54003003	
54003015	
54006005	
56001014	
56002004	
56002005	
56002008	
56002013	
58002015	
58003008	
58006005	
58006006	
58006020	
58012006	
58012019	
58013021	
59001010	
60001004	
60001009	
60001019	
60002014	
61001006	
61001007	
61001021	
62003020	
65001025	
66001005	
66002027	
66002028	
66016006	
66022002	
