40013006	
40014004	
41004006	
41005016	
41005029	
41006018	
41006036	
41006050	
41006054	
41007022	
41007034	
41008032	
41010008	
41011023	
41013018	
41014014	
41015043	
42001004	
42001027	
42001055	
42001071	
42001075	
42002005	
42002031	
42004019	
42009031	
42014030	
42015006	
42019046	
42020031	
42020043	
42023045	
42023051	
42024023	
43010015	
44001002	
44001017	
44001025	
44002035	
44004035	
44004037	
44008002	
44008040	
44009002	
44010038	
44015018	
44017003	
44019010	
44021029	
44026018	
45008021	
45009003	
45009012	
45009013	
45015026	
47001011	
47001014	
47006007	
47010002	
47012004	
48001016	
51001002	
51002021	
53001008	
53002002	
54001002	
54001019	
54002002	
55001002	
55003011	
57001002	
58006002	
58006005	
58006006	
58007021	
58011018	
58012019	
60003002	
62003020	
66001005	
