40002010	
40005035	
40010010	
40010018	
40012032	
40013032	
40013054	
40014002	
40014004	
40025003	
40025004	
41001044	
41002026	
41006009	
41006018	
41006046	
41009013	
41009050	
41013010	
41014049	
41014067	
41015041	
42023018	
43001033	
43010015	
43010035	
43010036	
43013003	
44001003	
44001016	
44001017	
44001018	
44001019	
44001022	
44002006	
44002007	
44002008	
44002009	
44002010	
44002011	
44004002	
44004006	
44004017	
44005013	
44005014	
44008002	
44008016	
44008017	
44008021	
44008023	
44009021	
44010002	
44010025	
44010026	
44010027	
44011020	
44013028	
44013029	
44013033	
44013039	
44013043	
44014007	
44014025	
44014026	
44016007	
44016008	
44016034	
44017007	
44019014	
44020005	
44024015	
44024027	
44027003	
44027004	
44027005	
44027006	
44027017	
44028014	
44028015	
45001003	
45001007	
45003026	
45009012	
45015024	
46005004	
46005013	
47001014	
48001002	
49001016	
49002015	
49003010	
49006003	
51001002	
51003013	
52002020	
52003002	
52003008	
52005002	
53002017	
54001002	
54004010	
54005004	
54005005	
55002017	
55003011	
57001010	
58001012	
58003004	
58003008	
58006008	
58006014	
58006020	
58007002	
58007010	
58007014	
58007019	
58009012	
58010005	
58010014	
58010034	
58011003	
58011018	
58011019	
58011034	
58011037	
58013009	
58013021	
60002003	
60003002	
61001014	
61001018	
61001021	
61002008	
61003002	
66002027	
66002028	
66007006	
66007007	
66007008	
