40008006	
40009006	
40015006	
40024026	
41001033	
41002010	
41003008	
41003010	
41003014	
41004032	
41005003	
41005028	
41006018	
41006019	
41006020	
41006028	
41006056	
41007003	
41007004	
41007005	
41007009	
41007021	
41008009	
41009031	
41009037	
41010008	
41010030	
41010044	
41013035	
41015043	
42005024	
43001025	
43012048	
43016009	
43016010	
43016011	
44001025	
44002018	
44002020	
44004035	
44005004	
44008002	
44010035	
44010038	
44018010	
44020006	
45009012	
45009013	
46005013	
47011018	
49001016	
49006003	
51001002	
52005007	
53002017	
