40013015	
40014002	
40014004	
41003002	
41003010	
41004025	
41005004	
41005008	
41005023	
41005028	
41006009	
41006018	
41006019	
41006020	
41006050	
41006052	
41007019	
41009006	
41009031	
41012011	
41012021	
41013019	
41015025	
41015043	
41015047	
41016003	
41016018	
42001002	
42001003	
42001004	
42001015	
42001037	
42001047	
42001048	
42001049	
42001055	
42001078	
42002030	
42002031	
42002032	
42004011	
42004019	
42005009	
42005010	
42006018	
42007005	
42007008	
42008029	
42008042	
42009008	
42010011	
42010024	
42011006	
42014030	
42015006	
42015024	
42016028	
42017024	
42020004	
42020024	
42020031	
42022004	
42022016	
42022018	
42023037	
42023045	
42023051	
42024023	
43006055	
43010015	
44001002	
44001025	
44002027	
44003020	
44004020	
44004022	
44004035	
44007010	
44008016	
44008023	
44008028	
44008033	
44009002	
44010046	
44011003	
44011026	
44013038	
44017020	
44020027	
44024008	
44027015	
44028027	
45001010	
45002020	
45003030	
45004021	
45007010	
45009012	
45009028	
45010013	
45011035	
45015016	
45015019	
45016026	
46001006	
46010020	
46014034	
46015052	
46016016	
47001014	
47001016	
47006018	
47008014	
47012004	
47013013	
47013014	
48001004	
48001005	
48001012	
48001014	
48001016	
48001017	
48001022	
48001023	
48002002	
48002003	
48002008	
48002009	
48002012	
48002013	
48002018	
48002019	
48002020	
48003003	
48003004	
48003007	
48003008	
48003009	
48003011	
48003012	
48003016	
48003017	
48003018	
48003027	
48003028	
48004005	
48004010	
48004013	
48004014	
48004015	
48004020	
48004022	
48004023	
48004025	
48004027	
48004031	
48005006	
48005014	
48005015	
48005017	
48005018	
48005023	
48006003	
48006005	
48006008	
48006013	
48006015	
49001005	
49001008	
49001020	
49002005	
49002009	
50001005	
50001026	
50002002	
50002013	
50002015	
50002016	
50002030	
51001002	
51001004	
51001012	
51001014	
52004012	
53002012	
54001019	
56001014	
57001009	
58002015	
58003008	
58005010	
58006002	
58006005	
58006006	
58007019	
58011018	
58012006	
58012029	
59001003	
59005020	
60001016	
60001025	
60002003	
60003002	
60003006	
60003011	
60003012	
61001014	
61001021	
62003012	
62003020	
62005004	
66005010	
66016011	
