40002010	
40005035	
40010010	
40010031	
40011013	
40014004	
41001044	
41005008	
41005043	
41006018	
41015043	
42001055	
42002005	
42002023	
42002024	
42002035	
42002037	
42009031	
42012038	
42017018	
42021019	
42023051	
43010015	
44001003	
44001022	
44004035	
44005006	
44007050	
44008002	
44011024	
44014007	
44020012	
44023013	
45002002	
45003006	
45003007	
45008039	
45009012	
46005004	
46005013	
46010029	
47001014	
48001002	
49002009	
49003008	
51001002	
56002010	
58006020	
58007010	
58007014	
58011018	
58013021	
59001008	
66016016	
66020015	
