40001023	
40001024	
40001025	
40002002	
40002010	
40005026	
40005035	
40005036	
40005037	
40006021	
40007002	
40007004	
40007014	
40007020	
40009006	
40010006	
40010018	
40010030	
40010031	
40012049	
40013032	
40013041	
40013042	
40014004	
40014010	
40020027	
40021030	
40023003	
40023009	
40023010	
40023017	
40023018	
40023019	
40023021	
40023036	
40024007	
40024008	
40024024	
40024039	
40025003	
40025004	
40025025	
40025027	
40026046	
40026049	
40027010	
40027018	
40027037	
40027038	
40027056	
40028003	
40028004	
41002010	
41003008	
41003032	
41003034	
41005002	
41005004	
41005008	
41005043	
41006018	
41006019	
41006050	
41007003	
41007004	
41007005	
41007009	
41007022	
41008015	
41009006	
41009013	
41010030	
41010044	
41013008	
41013013	
41013022	
41014064	
41014067	
41015008	
41015009	
41015010	
41015011	
41015025	
41015041	
41015043	
42001002	
42001003	
42001025	
42001027	
42001042	
42002023	
42002024	
42002030	
42002031	
42002037	
42002042	
42002044	
42003002	
42005009	
42005024	
42006018	
42006042	
42007003	
42008028	
42008029	
42008052	
42008053	
42009002	
42009008	
42009031	
42009039	
42010004	
42010011	
42011006	
42011012	
42011032	
42011036	
42011051	
42011054	
42012007	
42012034	
42012036	
42012040	
42012046	
42014032	
42014035	
42017003	
42017016	
42017027	
42018030	
42019021	
42019023	
42021010	
42021011	
42021019	
42021035	
42021038	
42023015	
42023041	
42023045	
42023051	
42023053	
42023054	
42024010	
42024021	
42024023	
42024048	
43001002	
43001044	
43003006	
43003024	
43004002	
43004003	
43004008	
43004022	
43004023	
43005006	
43005035	
43006017	
43006024	
43006069	
43006071	
43007036	
43008036	
43009032	
43009033	
43010002	
43010008	
43010009	
43010013	
43010023	
43010038	
43011002	
43011013	
43011057	
43012013	
43012014	
43012016	
43012018	
43012048	
43013002	
43013015	
43013016	
43014026	
43015023	
43015024	
43016009	
43016010	
43016011	
43016014	
43018005	
43018021	
43019020	
43019021	
43019022	
43019024	
43019026	
43019029	
43019030	
43020025	
44001017	
44001019	
44001022	
44002008	
44002009	
44002010	
44002011	
44002026	
44002027	
44002028	
44002029	
44002030	
44002035	
44004026	
44005013	
44005014	
44005032	
44005039	
44007016	
44007018	
44007019	
44007059	
44007060	
44008002	
44008003	
44008007	
44008008	
44008016	
44008017	
44009002	
44009008	
44009021	
44009022	
44010002	
44010006	
44010041	
44010046	
44011024	
44012004	
44013008	
44013034	
44013039	
44014007	
44014025	
44016020	
44016034	
44017003	
44017007	
44017015	
44017023	
44018020	
44018021	
44019014	
44020027	
44022018	
44022023	
44023024	
44027012	
45001007	
45001027	
45001030	
45002005	
45002013	
45002020	
45002029	
45003022	
45003026	
45004005	
45004008	
45004020	
45004024	
45005014	
45005016	
45005019	
45006003	
45006004	
45007003	
45008006	
45008021	
45008039	
45009002	
45009003	
45009009	
45009011	
45009012	
45009021	
45009026	
45010003	
45014008	
45015002	
45015024	
46001002	
46004004	
46005013	
46006003	
46006016	
46006019	
46007011	
46007028	
46007031	
46007034	
46011006	
46011009	
46015016	
46015022	
46015047	
46015051	
46015052	
46015053	
47001009	
47001014	
47002011	
47003011	
47004011	
47005007	
47008021	
47009002	
47009004	
47009013	
47010002	
47011010	
47011015	
47012003	
47012004	
48001002	
48001012	
48001014	
48001016	
48002004	
48002008	
48005004	
49001010	
49001016	
49003003	
49003004	
49003015	
49004013	
49004021	
49004024	
49005009	
49005014	
49005026	
49005030	
49006003	
49006022	
50001004	
50001016	
50001017	
50002011	
50003002	
50003009	
50003014	
51001002	
51001007	
51001027	
51002007	
51002022	
51003002	
51003023	
51003024	
51004008	
52002012	
52002016	
52002020	
52003002	
52003004	
52004002	
52004010	
52004012	
52005002	
52005013	
52005017	
52005018	
53001007	
53001008	
53001009	
53002004	
53002005	
53002009	
53002010	
53002011	
53002012	
53002014	
53003008	
54001013	
54002010	
54003015	
54004004	
54005012	
54005024	
54005025	
54006014	
54006021	
55001017	
55003011	
55004015	
55004021	
56002004	
57001009	
58002004	
58004006	
58005009	
58006002	
58006003	
58006005	
58006006	
58006014	
58006018	
58006020	
58007010	
58007012	
58007014	
58007019	
58008011	
58008012	
58009003	
58009017	
58009019	
58009024	
58010006	
58010007	
58010034	
58010036	
58011010	
58011012	
58011018	
58011026	
58011028	
58011038	
58012006	
58013021	
59001007	
59001008	
59001011	
59001024	
59002003	
59002022	
59003012	
59005003	
59005016	
60001019	
60002007	
60002014	
60003004	
60003011	
61001018	
61002008	
62002002	
62004018	
62005017	
65001004	
65001015	
65001023	
65001025	
66001013	
66002015	
66002027	
66006017	
66008011	
66009017	
66009019	
66009021	
66011009	
66014003	
66014020	
66017017	
66018015	
66018016	
66020003	
66020013	
66020015	
