40002010	
40010022	
40012008	
40014004	
40014005	
40014023	
41005008	
41005012	
41005013	
41005028	
41005029	
41006006	
41006009	
41006018	
41006019	
41006020	
41006050	
41007003	
41007004	
41007026	
41008009	
41009013	
41013013	
41013036	
41014036	
41015025	
41015043	
41016004	
41016011	
42001009	
42001074	
42008028	
42008029	
42009031	
42021017	
42022011	
42023018	
42023051	
43003024	
43004006	
43004008	
43010015	
43011002	
43014017	
44001003	
44001022	
44003010	
44004037	
44007050	
44008028	
44010041	
45004020	
45006004	
45006007	
45009012	
46001002	
46005013	
47001002	
47002016	
47012004	
48001002	
48004010	
51001002	
51001022	
52004008	
53002002	
54001002	
54006014	
55001002	
57001002	
58006005	
58006006	
58009014	
58011018	
59001008	
59005020	
61002008	
61003009	
62003020	
63001002	
66004010	
66013014	
66020015	
