40002006	
40002010	
40004013	
40005024	
40006004	
40006018	
40006023	
40009021	
40009038	
40010020	
40011003	
40011005	
40011030	
40012044	
40013032	
40014004	
40014010	
40014011	
40015006	
40015011	
40021002	
40022020	
40024039	
40024049	
40025003	
40025004	
40025025	
40027010	
40027058	
41001044	
41002009	
41004023	
41005007	
41005008	
41006009	
41006018	
41006019	
41006020	
41006036	
41007004	
41007012	
41007026	
41008009	
41008019	
41009006	
41009031	
41010008	
41010030	
41011010	
41015004	
41015043	
41016004	
42001002	
42001003	
42001004	
42001009	
42001047	
42001048	
42001055	
42001071	
42001073	
42001074	
42001075	
42001079	
42002005	
42002023	
42002024	
42002031	
42002035	
42002037	
42003002	
42003020	
42004011	
42005009	
42005010	
42006023	
42007019	
42008002	
42008028	
42008029	
42009016	
42011006	
42011051	
42011054	
42012046	
42014009	
42016021	
42018005	
42018030	
42019021	
42019030	
42020004	
42020043	
42021019	
42021035	
42022008	
42023024	
42023045	
42023051	
43001025	
43001032	
43001033	
43001034	
43001036	
43001044	
43002009	
43004018	
43004024	
43005029	
43005039	
43005040	
43010015	
43010036	
43011002	
43011007	
43011015	
44001003	
44001022	
44001025	
44002035	
44009002	
44010038	
44011024	
44013033	
44013039	
44015026	
44019014	
44021024	
44023035	
44025003	
44026018	
44028011	
45001003	
45001027	
45002029	
45003023	
45003024	
45003026	
45003028	
45004024	
45007010	
45007025	
45008034	
45008039	
45009002	
45009012	
45009013	
45011010	
45011014	
45011021	
45015016	
45015019	
45015024	
46001002	
46001006	
46003011	
46005004	
46005005	
46006010	
46009002	
46009003	
46009027	
46011015	
46012020	
46012030	
46015025	
46015052	
46016018	
47001014	
47001022	
47002016	
47003009	
47006007	
47008004	
47010002	
47010014	
47011005	
47011006	
47012004	
48001002	
48004025	
49001005	
49001009	
49001012	
49001020	
49002005	
49002012	
49002021	
49002022	
49003004	
49003010	
49003015	
49003021	
49004016	
49004019	
49004021	
49004024	
49005014	
49005020	
50001005	
50001016	
50001028	
50002002	
50002016	
50003009	
51001002	
51002021	
51003010	
52001003	
52001005	
52002007	
52003002	
52003003	
52004005	
52005021	
52005022	
53001002	
53002002	
53002007	
53002017	
54001002	
54001019	
54002004	
54005010	
54006004	
55001002	
56001002	
56001003	
56001004	
56001013	
56001014	
57001002	
57001009	
57001010	
57001021	
58002018	
58006005	
58007010	
58009017	
58009028	
58010004	
58010022	
58011018	
58011034	
58013021	
59001008	
59001020	
59001024	
59003003	
59003008	
59004010	
59005020	
60001009	
60001019	
60001025	
60003002	
60005003	
61002008	
61003004	
62001002	
62002006	
62005008	
65001015	
65001018	
65001025	
66001006	
66002025	
66002027	
66004010	
66007006	
66007007	
66007008	
