40007017	
40007018	
40010006	
40013039	
40014004	
40019005	
40027060	
41003015	
41005028	
41006018	
41006050	
41007012	
41007022	
41012011	
41014064	
41015043	
42001002	
42001055	
42001075	
42003002	
42006044	
42010019	
42023045	
42023051	
43010013	
43019037	
44001022	
44002031	
44003005	
44004009	
44004010	
44005018	
44009009	
44013039	
44014007	
44015026	
44020012	
45002020	
45002029	
45008004	
45008039	
45009012	
45015019	
46005013	
46008006	
47012004	
48001002	
48004025	
48005025	
49001012	
49001023	
49002015	
49003021	
49005030	
50001005	
50002013	
50002016	
51001007	
53001006	
53003008	
54001013	
54006004	
54006016	
55001002	
57001002	
58006005	
58006006	
58007010	
58010031	
60001009	
60002014	
61003004	
62002006	
66002028	
66009017	
66016011	
66022004	
