40002010	
40005030	
40005035	
40007010	
40009021	
40010003	
40010004	
40010036	
40012008	
40012032	
40014004	
40015006	
40015014	
40020002	
40023035	
40027053	
41003010	
41003017	
41003018	
41003019	
41005008	
41005028	
41005042	
41006006	
41006018	
41007012	
41007026	
41008018	
41011009	
41013036	
41016004	
41016011	
42001055	
42001074	
42001075	
42002005	
42002009	
42002026	
42002037	
42003024	
42003025	
42003026	
42003027	
42003028	
42003029	
42003030	
42003031	
42003032	
42003033	
42003034	
42003035	
42003036	
42003037	
42003038	
42005009	
42006015	
42006016	
42006048	
42007032	
42008028	
42008029	
42011048	
42012036	
42013019	
42013025	
42021035	
42023025	
42023051	
42024023	
43001025	
43001033	
43001034	
43003024	
43004006	
43004008	
43005029	
43008031	
43009014	
43010015	
43011002	
43011013	
44001003	
44001022	
44001025	
44002031	
44003020	
44004037	
44008028	
44011024	
44013007	
44013008	
44013033	
44017006	
44018020	
44018021	
44019014	
44020031	
45002002	
45002020	
45007025	
45008006	
45008039	
45009012	
45010007	
45015024	
46001002	
46005004	
46005013	
46010004	
46015043	
46015054	
47001014	
47001016	
47002016	
47008011	
47010004	
47012004	
48001002	
48001014	
48001016	
48002004	
48004010	
48004028	
49001010	
49002009	
49002015	
49003019	
51001027	
51003004	
52001009	
52003002	
52005017	
52005018	
53001002	
53002002	
53002004	
53002008	
53002017	
54005012	
55001002	
55001017	
55001018	
55002004	
55002026	
55004015	
56003006	
58010006	
58011018	
59001008	
60001011	
61001014	
61003009	
62005008	
66002027	
66007002	
66009021	
66010007	
66016014	
66020003	
66020013	
66020015	
