40002010	
40005015	
40005016	
40006022	
40006023	
40007014	
40009006	
40009017	
40010020	
40010030	
40010031	
40011029	
40012037	
40012044	
40012045	
40020027	
40023009	
40023010	
40023039	
40024016	
40025033	
41002022	
41007019	
41009045	
41009047	
41009048	
41010044	
42002007	
42012007	
42021035	
43001002	
43001007	
43003002	
43006009	
43006054	
43011010	
43012011	
43016003	
43016009	
43016010	
43016011	
44004035	
44016021	
44020005	
44021036	
45001020	
45002013	
45002014	
45002015	
45002020	
45003006	
45003008	
45003014	
45003027	
45003028	
45004003	
45004010	
45006002	
45006003	
45006005	
45008006	
45008008	
45008020	
45008021	
45009002	
45009003	
45009011	
45009012	
45009013	
45009021	
45011010	
45015016	
46002015	
46003019	
46003023	
46005004	
46005013	
46006010	
46007030	
46007031	
46009002	
46009003	
46009010	
46009011	
46009018	
46009025	
46009026	
46009027	
46010004	
46010017	
46011008	
46011009	
46011015	
46011021	
46013012	
46014031	
46014032	
46015016	
46015017	
46015022	
46015031	
46015047	
46015048	
46015049	
46015052	
47001014	
47001016	
47003009	
47003011	
47003014	
47003015	
47003016	
47004011	
47008003	
47008004	
47009012	
47011015	
47012003	
48001012	
48002012	
48003024	
48004002	
48004010	
48004025	
48006008	
49001012	
49001018	
49002022	
49003019	
49004010	
49004021	
49006003	
49006022	
50001007	
50001008	
50001016	
50001017	
50002007	
50002013	
50002016	
50002030	
50003009	
50003011	
51001002	
51004008	
52005004	
53002017	
54005012	
55001017	
55002021	
55004002	
56002010	
57001005	
57001009	
57001010	
57001011	
57001012	
58006014	
58006015	
58006016	
58007010	
58007012	
58007019	
58007021	
58009004	
58009017	
58010006	
58011018	
58012013	
58012023	
58012024	
58012026	
58013011	
58013012	
58013013	
60001009	
60002003	
60002005	
60002006	
60002007	
60002008	
60002022	
60002023	
60003002	
61001018	
61003006	
62003020	
62005007	
62005008	
65001004	
65001025	
66010007	
66013004	
