01017027	
02038031	
04015041	
04028031	
05005031	
05005032	
05005033	
05022030	
05026019	
06021044	
06021045	
07011040	
07021025	
08004019	
08004020	
08004021	
08004022	
09010027	
09023028	
12009037	
13011047	
13024031	
13029030	
14035027	
16012047	
16013031	
18042017	
21007029	
23021017	
23029024	
23037033	
23038022	
23048022	
32001016	
40017027	
41001012	
41001013	
41001032	
41001033	
41001034	
41004041	
42012051	
42012052	
42012053	
42014005	
42014006	
43011057	
44002014	
44004036	
44004037	
44007060	
44014028	
44021008	
44021009	
44021010	
44021011	
44021012	
44021013	
44021014	
45006021	
45006022	
45006023	
