40006023	
40013032	
40013039	
40013048	
40014004	
40014005	
40015006	
40018012	
40018013	
40019002	
40021005	
40021006	
40021007	
40021008	
40022044	
40024016	
40025002	
40026031	
40026049	
40027036	
40027037	
40027052	
40027058	
41001005	
41001006	
41001008	
41001013	
41001020	
41001033	
41001044	
41002026	
41003014	
41003017	
41003018	
41003024	
41003032	
41004017	
41005004	
41005008	
41005028	
41006018	
41006019	
41007012	
41007025	
41009013	
41012015	
41014002	
41014045	
41014064	
41015025	
41015026	
41015041	
42001055	
42002023	
42002024	
42006048	
42008029	
42008032	
42011035	
42011036	
42011051	
42012036	
42012038	
42013025	
42016012	
42016021	
42017016	
42018003	
42018005	
42019021	
42021038	
42023051	
43001027	
43001033	
43001044	
43003024	
43004002	
43004003	
43004008	
43004022	
43004023	
43004024	
43004037	
43004038	
43004045	
43006002	
43006003	
43006004	
43006031	
43006040	
43006048	
43007007	
43009014	
43010008	
43010015	
43011002	
43012008	
43012040	
43013016	
43013029	
43013030	
44004036	
44005013	
44005014	
44008002	
44010037	
44015026	
44015027	
44018020	
44018021	
44019014	
44020008	
45001004	
45001010	
45007025	
45008006	
45009002	
45009012	
45010007	
45014008	
45015026	
46005004	
46005013	
47001005	
47001014	
47001016	
47002015	
47004011	
47005004	
47009002	
47012004	
48002012	
48003011	
48003012	
48005026	
48006002	
49001005	
49001016	
49002015	
49002016	
49004007	
49004012	
49005012	
49006007	
50001008	
50001011	
50001017	
50001023	
50001030	
50002029	
51001019	
51001020	
51002003	
51003003	
51004004	
52005002	
53002014	
54002010	
54005012	
54006014	
55004013	
57001009	
58003004	
58003006	
58004008	
58005010	
58007012	
58007014	
58009017	
58010009	
58011018	
59003002	
60002003	
61002002	
61002018	
61002019	
61003006	
62001009	
62002006	
62003011	
62003020	
62005003	
62005005	
62005007	
62005008	
65001025	
66020003	
66020013	
66020014	
