40002010	
40009021	
40010003	
40010004	
40010036	
40011003	
40014004	
40015006	
40015014	
41002026	
41003017	
41003018	
41003019	
41004019	
41004028	
41005008	
41006009	
41006013	
41006050	
41006054	
41007009	
41007012	
41007021	
41007022	
41007026	
41010008	
41014046	
42002037	
42006015	
42006016	
42008028	
42008029	
42012036	
42021035	
42023051	
43001033	
43004008	
43009014	
43010015	
43011002	
44001022	
44008016	
44011024	
44013005	
44018020	
44018021	
44023013	
44024003	
44026003	
44026013	
45001004	
45002002	
45002029	
45007025	
45008039	
45009002	
45009012	
45010007	
45015026	
46005004	
46005013	
47001014	
47012004	
49001008	
49002009	
49003015	
49004006	
49006003	
52001003	
52002012	
54001019	
54005024	
54005025	
58011018	
58013021	
59001008	
59001011	
62002006	
66002027	
66020013	
66020015	
66021013	
