01001018	
04001019	
04001023	
04001025	
04001027	
04001029	
04001031	
04001033	
04001034	
04001035	
04001037	
04001039	
04001041	
04001043	
04001049	
04014037	
04027017	
06001013	
06003016	
07001005	
07013016	
07015002	
07018009	
07021011	
08001002	
09004022	
10013038	
11008039	
11011042	
11015007	
13003011	
13003012	
13003013	
13003014	
13003018	
13004004	
13005002	
13005003	
13005005	
13005006	
13006021	
13006023	
13006030	
13006059	
13006069	
13006073	
13006075	
13006079	
13006081	
13025010	
13025011	
13025012	
13025013	
13025014	
13025015	
13025016	
13025017	
13025018	
13025019	
13025020	
13025021	
13025022	
13025023	
13025024	
13025025	
13025026	
13025027	
13025028	
13025029	
13025030	
13025031	
14006030	
14034013	
15005004	
15005008	
15007009	
17007009	
18004002	
18006003	
18008002	
19107040	
19124002	
19124003	
19129002	
20001002	
20024020	
23029006	
24027020	
24027022	
24039006	
26023015	
26040030	
26041024	
26047016	
28004018	
30005009	
31001020	
35003018	
37002016	
38002007	
38013009	
40024016	
40026068	
42021022	
42022030	
43014017	
44001022	
44010011	
45008004	
45009012	
46001002	
46006010	
47012004	
49006003	
54001019	
56003005	
