40005002	
40005024	
40005035	
40006008	
40007008	
40007014	
40007018	
40007020	
40010010	
40010020	
40011013	
40011017	
40012032	
40012049	
40013006	
40014004	
40015006	
40017012	
40020019	
40020027	
40021025	
40021043	
40023003	
40023039	
40024049	
40025003	
40025004	
40025027	
40027018	
40027053	
40027063	
40028014	
41001005	
41001033	
41002002	
41003010	
41003014	
41003034	
41004006	
41004019	
41004027	
41004028	
41004029	
41004031	
41004032	
41004036	
41005004	
41005008	
41006015	
41006016	
41006018	
41006020	
41006027	
41007009	
41007012	
41007019	
41007020	
41007025	
41007026	
41009006	
41009013	
41010008	
41010030	
41010044	
41011030	
41012044	
41014036	
41015010	
41015030	
42001002	
42001003	
42001004	
42001055	
42001073	
42001075	
42002005	
42002011	
42002026	
42002028	
42002030	
42003002	
42004007	
42004026	
42005002	
42005009	
42005010	
42008023	
42008029	
42008042	
42008052	
42008053	
42009008	
42009009	
42011051	
42011054	
42012036	
42012048	
42013019	
42013021	
42014003	
42014009	
42014035	
42015015	
42016009	
42016012	
42018005	
42018007	
42018030	
42019002	
42019003	
42019023	
42020043	
42021004	
42021030	
42022002	
42022037	
42022068	
42023024	
42023025	
42023045	
42023051	
42024007	
42024023	
42024026	
43001002	
43001007	
43001011	
43001017	
43001027	
43001033	
43001036	
43003015	
43003018	
43003020	
43003034	
43004003	
43004008	
43004018	
43004038	
43004045	
43004047	
43005010	
43005032	
43005035	
43005042	
43005046	
43006024	
43006039	
43007003	
43007051	
43009015	
43010009	
43010015	
43010023	
43010036	
43011006	
43011007	
43011010	
43011019	
43011026	
43011042	
43011052	
43012011	
43012013	
43012018	
43012048	
43013002	
43013003	
43013004	
43013005	
43013014	
43013032	
43014019	
43015023	
43015024	
43016006	
43017008	
43017026	
43018021	
43020004	
43020007	
43020012	
43021021	
44001003	
44001017	
44001018	
44001019	
44001022	
44002020	
44002035	
44003010	
44004010	
44004016	
44004035	
44006003	
44006004	
44007010	
44008002	
44008010	
44008016	
44008019	
44008028	
44008040	
44009002	
44010010	
44010011	
44010040	
44010046	
44011003	
44011024	
44011029	
44011030	
44013005	
44013008	
44013021	
44013033	
44013041	
44014007	
44015026	
44015027	
44015029	
44016021	
44016022	
44016039	
44017017	
44017020	
44017028	
44018025	
44019002	
44019010	
44020026	
44020027	
44020038	
44021003	
44021028	
44022018	
44024018	
44025003	
44026007	
44027040	
45001003	
45001007	
45002015	
45003006	
45003007	
45003022	
45003025	
45003028	
45003030	
45004012	
45004019	
45004024	
45005010	
45005017	
45005018	
45006005	
45006007	
45006011	
45006018	
45007002	
45007003	
45007011	
45007018	
45007019	
45007020	
45007022	
45007023	
45007025	
45008002	
45008008	
45008019	
45008020	
45008021	
45008024	
45008025	
45008029	
45009002	
45009003	
45009007	
45009008	
45009012	
45009013	
45009032	
45010007	
45010010	
45011012	
45011029	
45013004	
45013007	
45013012	
45014002	
45014008	
45015016	
46001015	
46001016	
46001027	
46002011	
46003011	
46003023	
46004004	
46005005	
46005011	
46005013	
46006019	
46007004	
46007006	
46007027	
46007033	
46008005	
46008006	
46008010	
46009002	
46009009	
46009023	
46010002	
46010029	
46011018	
46012013	
46012023	
46012024	
46013009	
46013010	
46014023	
46014024	
46014025	
46015010	
46015037	
46015041	
46015043	
46015047	
46015048	
46015049	
46015055	
47001010	
47003015	
47003016	
47004011	
47005007	
47005008	
47005015	
47005019	
47008021	
47009002	
47010010	
47011009	
47011014	
47011015	
47011017	
47012004	
47012018	
47013008	
47013009	
48002008	
48002012	
48002016	
48002019	
48003017	
48003024	
48003025	
48004002	
48004025	
48006010	
49001010	
49001016	
49002005	
49002009	
49002012	
49002015	
49002016	
49003002	
49003008	
49003011	
49003015	
49003018	
49004022	
49004024	
49005002	
49005007	
49005014	
49005023	
49005026	
49005029	
49005030	
49006003	
49006012	
50001016	
50001017	
50001022	
50002013	
50002016	
50003009	
50003013	
51001004	
51003002	
51003003	
51004008	
52001003	
52001005	
52002020	
52003002	
52004002	
52004010	
52004016	
52005002	
52005021	
53002007	
53002011	
53002017	
53003015	
54001002	
54002013	
54002014	
54004004	
54005010	
54005015	
54006010	
55001002	
55001017	
55002018	
55003007	
55003011	
55004004	
56002008	
56003002	
56003006	
57001009	
57001010	
57001016	
58001005	
58001012	
58002002	
58002003	
58002004	
58002018	
58003002	
58003003	
58003004	
58003005	
58003019	
58004003	
58004004	
58006002	
58006018	
58006020	
58007002	
58007003	
58007007	
58007010	
58007013	
58007014	
58007019	
58007027	
58008002	
58009017	
58010020	
58010025	
58010036	
58011010	
58012020	
58013010	
58013021	
59001003	
59001008	
59001024	
59002003	
59002011	
59002016	
59002022	
59003006	
59004002	
59004016	
59005006	
59005018	
59005020	
60001009	
60001011	
60002003	
60002020	
60003002	
61001013	
61001018	
61001021	
62001002	
62002016	
62004008	
62005003	
62005008	
66001002	
66002023	
66002025	
66002027	
66004010	
66006017	
66008004	
66010007	
66012008	
66013006	
66014005	
66014010	
66014020	
66020003	
66020006	
66020013	
66020015	
