40014004	
40024037	
40027018	
41003010	
41006018	
41007012	
41007026	
41009050	
41010008	
41013036	
42001002	
42001003	
42001055	
42001069	
42001074	
42002037	
42002042	
42014002	
42019021	
42023051	
43004045	
43010015	
43011002	
43019014	
44001002	
44001022	
44018020	
44018021	
44021036	
45002029	
45003026	
45005014	
45009012	
45009013	
46005013	
46010030	
46015016	
47001014	
47005019	
47008011	
48002004	
48002005	
50001028	
54005012	
55003011	
58003004	
58003005	
58003006	
58006002	
58006005	
58006006	
58011018	
58013021	
