40006004	
40011003	
40011017	
40012004	
41001017	
41001044	
41002011	
41003008	
41003015	
41005003	
41005028	
41006050	
41009048	
41012011	
41012039	
42001002	
42001004	
42001027	
42001055	
42001073	
42001074	
42001075	
42002031	
42002032	
42004019	
42007005	
42007019	
42008039	
42009031	
42012036	
42014030	
42019030	
42019038	
42020043	
42023045	
42023051	
43001022	
43001044	
43002025	
43003015	
43004008	
43005023	
43005029	
43010013	
43010015	
43011052	
44001002	
44001022	
44001025	
44002027	
44002035	
44002047	
44004002	
44004028	
44011003	
44013033	
44013039	
44015017	
44015026	
44016021	
45001004	
45001012	
45004017	
45009012	
45009023	
45015019	
45016026	
46001029	
46002005	
46012025	
46015052	
47001011	
47011033	
48001016	
48004005	
48005023	
49001020	
49003019	
49004018	
49006003	
50001005	
50002010	
50002011	
50003009	
51001002	
51003024	
51004009	
51004011	
52001010	
52003003	
53001008	
54001007	
54002002	
54002006	
54005010	
54006016	
55003011	
55003017	
56001014	
56003007	
57001002	
57001024	
58006002	
58011018	
59001003	
60001009	
60003002	
61003012	
62003020	
65001015	
66007003	
