40017023	
40025033	
41001044	
41005023	
41006018	
41009013	
41015043	
42001027	
42001042	
42001070	
42001071	
42001074	
42001075	
42001079	
42002023	
42003002	
42004007	
42004019	
42005024	
42011051	
42011054	
42012055	
42013021	
42016021	
42020043	
42023051	
42024034	
43001025	
43003002	
43004008	
43010015	
43011002	
43011052	
43012040	
43019037	
44001022	
44001025	
44002011	
44002020	
44002035	
44007050	
44010035	
44010041	
44013033	
44014007	
44015035	
44016039	
44017003	
45001010	
45002020	
45004024	
45006018	
45007010	
45008021	
45009012	
45010007	
45015019	
45015024	
46001002	
46003022	
46005013	
46009010	
46010002	
46010004	
46015004	
46015008	
46016016	
47001016	
48003016	
48004002	
49001005	
49001016	
49001020	
49003015	
49003019	
49006022	
50002016	
50003009	
51002021	
52002016	
52003002	
52004005	
53002008	
53002017	
54006016	
55001002	
55003011	
56002010	
56003011	
58003008	
58006002	
58011018	
59001008	
59001010	
59002016	
59005008	
60002003	
60002008	
60002014	
60003002	
65001025	
66002025	
