01001007	
01001018	
01003003	
01007003	
01009010	
01010012	
01010014	
01010016	
01010017	
01010018	
01014024	
01015020	
01015021	
01018021	
01020018	
01021016	
01023006	
01023009	
01023015	
01026029	
01028021	
01031018	
01032015	
01032023	
01044031	
02010002	
02014002	
02016012	
03009004	
03011005	
03011006	
03024002	
03025007	
03025048	
03026041	
03026042	
03027002	
04001021	
04001023	
04001025	
04001027	
04001029	
04001031	
04001033	
04001035	
04001037	
04001039	
04001041	
04001043	
04002004	
04002006	
04002008	
04002011	
04002013	
04002015	
04002019	
04002021	
04002023	
04002026	
04002028	
04002030	
04005030	
04011020	
04014018	
04014023	
04021018	
04027017	
04028024	
04031033	
04031034	
04031035	
04031043	
04031044	
04031045	
04031046	
04032004	
04032012	
04034015	
05001033	
05004046	
05006011	
05015005	
05030010	
06001015	
06002018	
06021035	
06022007	
06022008	
07001023	
07011040	
07020023	
07020028	
10003010	
10007011	
10008012	
11006006	
11007018	
11008042	
12017023	
12024004	
13004004	
13008007	
13009008	
13009009	
13010014	
13011014	
13016013	
13017010	
13021012	
13023011	
13023031	
14005012	
14005013	
14005014	
14006013	
14016003	
14017004	
14030019	
16011008	
16011011	
17001002	
17001014	
17006008	
17009008	
17009009	
17009010	
18003002	
18003014	
18003015	
18020005	
18027017	
18035011	
18038038	
18038040	
19007005	
19009015	
19012005	
19017004	
19035014	
19044017	
19044022	
19049010	
19058006	
19068034	
19076010	
19078003	
19078043	
19091002	
19091006	
19092004	
19096013	
19098009	
19102011	
19104015	
19105006	
19105022	
19106027	
19107003	
19107034	
20026019	
23003015	
23007011	
23014006	
23040004	
23041020	
23042007	
23043007	
23043021	
23044002	
23045006	
23054010	
23062007	
24003020	
24004017	
24005011	
24011004	
24013025	
24016015	
24017003	
24021002	
24023008	
24027020	
24029028	
24033011	
24033018	
24041018	
24049016	
24051035	
25003050	
26012003	
26016057	
26027019	
26036003	
26041010	
26041011	
26041018	
26042008	
26048022	
26048031	
27007022	
30004005	
36002009	
36003018	
38002005	
39001013	
40001023	
40002006	
40002015	
40002018	
40003002	
40005045	
40006004	
40006018	
40008006	
40008017	
40012017	
40013035	
40015006	
40020012	
40021005	
40022032	
40022042	
41003015	
41004012	
41004025	
41007007	
41009006	
41009048	
41012011	
41014005	
41014058	
41015043	
42001002	
42001004	
42001009	
42001042	
42001047	
42001048	
42001049	
42001055	
42001070	
42001073	
42001075	
42002005	
42002011	
42002023	
42002026	
42002030	
42002031	
42002035	
42002046	
42004011	
42004018	
42004019	
42006018	
42006038	
42008012	
42008039	
42008042	
42009008	
42009024	
42011051	
42011054	
42012030	
42012036	
42014030	
42016021	
42018030	
42018041	
42019046	
42020043	
42020047	
42022030	
42023029	
42023037	
42024007	
42024009	
42024014	
42024034	
43003015	
43004002	
43004003	
43005023	
43010015	
43012015	
43012038	
43012040	
43014017	
43015024	
44001002	
44001022	
44001025	
44002011	
44002035	
44003020	
44004006	
44005023	
44007018	
44007032	
44007049	
44007050	
44007053	
44010035	
44011014	
44013039	
44014022	
44015016	
44015017	
44015018	
44015026	
44015029	
44017020	
44018010	
44020019	
44020021	
44020030	
44021028	
44022024	
44024003	
44024021	
44026003	
44026018	
44026023	
45001010	
45002020	
45004017	
45004021	
45005004	
45008039	
45009012	
45009033	
45015006	
45015009	
45015016	
45015019	
46001006	
46005004	
46007011	
46011015	
46015052	
46016016	
47001014	
48001016	
49001020	
49003010	
49003015	
49003017	
49003021	
49006003	
49006015	
50001005	
50001010	
50002015	
50003009	
50003011	
51002021	
53001007	
53001010	
53002012	
53002017	
54002002	
54002004	
54002010	
54006004	
55003007	
55003017	
56001014	
56002005	
56003002	
56003007	
56003011	
57001005	
57001013	
58003009	
58006002	
58006005	
58009020	
58011018	
59001003	
59001008	
59001010	
60001009	
60001016	
60001019	
60002003	
60003002	
61002010	
62003020	
63001002	
65001015	
65001025	
66002027	
