40001021	
40002002	
40002006	
40002010	
40002015	
40002018	
40002020	
40002023	
40003002	
40004014	
40004015	
40004016	
40005022	
40005024	
40005039	
40006010	
40006011	
40006012	
40006013	
40008006	
40008012	
40008015	
40008017	
40009002	
40009008	
40009038	
40010010	
40011003	
40011008	
40012002	
40012005	
40012049	
40012050	
40013019	
40013042	
40013043	
40013050	
40014002	
40014010	
40014023	
40014035	
40015006	
40015011	
40015014	
40015022	
40015036	
40015038	
40015039	
40016018	
40016019	
40017002	
40017012	
40017016	
40017023	
40018003	
40019002	
40019005	
40019006	
40019012	
40019015	
40019024	
40019029	
40019030	
40020026	
40020027	
40020028	
40020030	
40021002	
40021003	
40021005	
40021007	
40021009	
40021022	
40021025	
40021046	
40022036	
40022042	
40027002	
41001008	
41001011	
41001015	
41001017	
41001020	
41001023	
41001024	
41001033	
41001034	
41001041	
41001044	
41002007	
41002014	
41003008	
41004012	
41004019	
41004020	
41004028	
41004037	
41005007	
41005023	
41006003	
41006009	
41006018	
41006046	
41007007	
41007022	
41008002	
41009015	
41009018	
41009022	
41009037	
41010012	
41010015	
41010034	
41011005	
41011010	
41011016	
41011023	
41011030	
41011032	
41012011	
41012033	
41012044	
41013002	
41014005	
41014021	
41014028	
41014038	
41014042	
41014049	
41014058	
41014064	
41015043	
41016007	
42001074	
42002028	
42002031	
42002044	
42003002	
42004019	
42005010	
42008039	
42009016	
42009031	
42010042	
42011003	
42011004	
42012019	
42020043	
42021035	
42023018	
43004002	
43005023	
43010015	
43010036	
43012011	
43012048	
43012049	
43012050	
43013004	
43013005	
43013019	
43013032	
43013033	
43013034	
43013035	
43014002	
43014003	
43014004	
43014007	
43014026	
43014030	
43015002	
43015003	
43016018	
43016019	
43017006	
43017012	
43018022	
43019017	
43020012	
44001022	
44001025	
44002007	
44002035	
44003002	
44003004	
44003006	
44006004	
44006014	
44009002	
44013033	
44015018	
44015029	
44016005	
44016020	
44021016	
45001004	
45001019	
45003026	
45004024	
45007010	
45007023	
45008021	
45008039	
45009012	
46001002	
46001003	
46005004	
46005013	
46010029	
46011015	
46015052	
47001011	
47001014	
47012004	
48001002	
48004004	
48005023	
49001005	
49001017	
49002005	
49003004	
49003015	
49003018	
49003021	
49004018	
49004021	
50001002	
50002002	
50003009	
51001002	
51001004	
51002007	
51002021	
51003006	
52001003	
52001010	
52002004	
52002020	
52005022	
53002017	
54001002	
54002002	
54002014	
54003002	
54003003	
54003015	
54004005	
54005004	
54005010	
54005013	
54006005	
54006014	
55002009	
55002026	
55003004	
55003013	
55004002	
56001002	
56001003	
56001014	
56002002	
56002005	
56003008	
57001002	
57001005	
57001006	
57001009	
57001024	
58006006	
58013021	
59001008	
60003002	
61001006	
61001007	
61001018	
61003012	
62002006	
62003020	
64001007	
65001025	
66002025	
66002027	
66004010	
66004011	
66006002	
66007006	
66007007	
66007008	
66010003	
66014010	
66014011	
66018018	
66021020	
