40027010	
41005008	
41005028	
41006050	
41007026	
41009006	
41009034	
41013025	
42001009	
42008028	
42008029	
42008056	
42009031	
42013025	
42023051	
44001022	
44001025	
44002047	
44004002	
44004035	
44008028	
44009002	
44011024	
44013033	
44013035	
44013039	
44013041	
44018028	
44019014	
44019019	
45004024	
45008039	
45009012	
46005013	
46010004	
47001016	
47002016	
58007019	
58011018	
60002003	
62002006	
62005008	
66001005	
66002025	
66007006	
66007007	
66007008	
66012009	
66016016	
66021020	
