40001023	
40002010	
40006018	
40009021	
40010010	
40011003	
40011026	
40013046	
40014004	
40015006	
40018020	
41001044	
41002007	
41003010	
41003015	
41004015	
41004027	
41004036	
41005008	
41005012	
41005028	
41005043	
41006009	
41006018	
41006019	
41006020	
41006036	
41006040	
41006050	
41007019	
41008019	
41010008	
41010030	
41011030	
41012021	
41013029	
41014052	
41014067	
41015010	
41015043	
41016011	
41016018	
42001009	
42001027	
42001055	
42001070	
42001071	
42001072	
42001073	
42001074	
42001075	
42002030	
42003020	
42005009	
42005010	
42007005	
42011006	
42011051	
42011054	
42014009	
42019003	
42019021	
42020043	
42023051	
42023052	
43002002	
43004008	
43004018	
43004047	
43005010	
43005042	
43006013	
43010015	
43012011	
43012040	
43014017	
44002008	
44004022	
44008016	
44008019	
44008023	
44010046	
44012002	
44013007	
44013008	
44013020	
44013033	
44013039	
44015026	
44018010	
44020009	
44028027	
45001010	
45004021	
45009003	
45009012	
46001002	
46004004	
46005013	
46006020	
46010026	
46015052	
46016018	
47001014	
47001016	
47002016	
47008014	
47009004	
48002004	
48004005	
49002009	
49003010	
49005030	
49006003	
50001005	
50002013	
50003009	
51002021	
51003003	
51003010	
52002016	
52003002	
52004005	
52005013	
52005017	
52005018	
53001007	
53001008	
54004005	
54005010	
54005015	
55001017	
55004002	
56003005	
57001002	
57001005	
58007010	
58007021	
58009017	
58011018	
59001008	
59001011	
59004003	
60002003	
60002005	
60003012	
61003006	
62002016	
62005004	
62005008	
62005017	
65001025	
66002027	
66002028	
66007006	
66007007	
66007008	
66008011	
66018018	
