40001003	
40001004	
40001005	
40001007	
40001008	
40001009	
40001010	
40001011	
40001013	
40001014	
40001015	
40001016	
40002010	
41008009	
41015043	
41016004	
42001074	
42001079	
42023051	
43001033	
43003024	
43004007	
43004008	
43009014	
43010015	
43012022	
44001025	
44008028	
44013039	
45001010	
45004020	
45007025	
45009012	
46005004	
46005013	
46015052	
47001014	
47006007	
47008014	
49002009	
49003021	
49006003	
50002016	
51001012	
53002017	
59001008	
66002027	
66002028	
66007006	
66007007	
66007008	
